============== BHHH ===============

Size = 14
Data size = 105
[ 227.607 217.647 9792.96 317.063 120.924 34.2143 107.523 -289.536 -18545.1 -85.4517 -6.0256 -49.8292 -288.348 -163.633 ;
217.647 872.093 29304.8 303.049 95.5292 24.9417 84.8585 -1031.68 -39099.4 -87.8166 -4.70293 -7.33077 -143.598 -28.1019 ;
9792.96 29304.8 1.18172e+006 14243.8 4592.12 1242.4 4506.41 -32247.9 -1.61709e+006 -4263.54 -213.334 -445.71 -8999.76 -1761 ;
317.063 303.049 14243.8 547.722 162.486 49.8079 153.175 -370.217 -26026.6 -116.018 -12.8528 -71.3399 -407.882 -250.758 ;
120.924 95.5292 4592.12 162.486 260.305 27.9921 65.1654 -113.048 -8702.76 -42.0948 -1.91663 -37.2158 -262.036 -181.432 ;
34.2143 24.9417 1242.4 49.8079 27.9921 34.2143 15.2089 -37.0736 -2431.33 -14.7126 -0.783438 -11.783 -42.7089 -40.8096 ;
107.523 84.8585 4506.41 153.175 65.1654 15.2089 107.523 -108.183 -9174 -40.7902 -3.3355 -22.7492 -199.815 -82.8909 ;
-289.536 -1031.68 -32247.9 -370.217 -113.048 -37.0736 -108.183 2229.73 57929.1 122.198 9.7351 -6.83016 -142.335 -25.5336 ;
-18545.1 -39099.4 -1.61709e+006 -26026.6 -8702.76 -2431.33 -9174 57929.1 3.22587e+006 8643.23 898.643 -864.814 -19292.1 -3281.96 ;
-85.4517 -87.8166 -4263.54 -116.018 -42.0948 -14.7126 -40.7902 122.198 8643.23 97.2392 1.55104 -11.7875 -200.866 -39.8293 ;
-6.0256 -4.70293 -213.334 -12.8528 -1.91663 -0.783438 -3.3355 9.7351 898.643 1.55104 6.82618 -0.800579 -30.1567 -3.13974 ;
-49.8292 -7.33077 -445.71 -71.3399 -37.2158 -11.783 -22.7492 -6.83016 -864.814 -11.7875 -0.800579 67.4607 553.359 219.205 ;
-288.348 -143.598 -8999.76 -407.882 -262.036 -42.7089 -199.815 -142.335 -19292.1 -200.866 -30.1567 553.359 20456.9 2155.93 ;
-163.633 -28.1019 -1761 -250.758 -181.432 -40.8096 -82.8909 -25.5336 -3281.96 -39.8293 -3.13974 219.205 2155.93 970.798 ;
]

============== Hessian ===============

Size = 14
Data size = 105
[ 239.445 173.164 8433.06 314.518 131.298 37.6132 118.162 -260.772 -19127.4 -96.0058 -6.83222 -49.7383 -341.664 -161.577 ;
173.164 427.863 15666.6 218.543 82.7284 26.1676 79.845 -597.738 -30491.8 -81.3338 -5.85658 -9.66451 -112.342 -29.3963 ;
8433.06 15666.6 699339 11188 4425.46 1284.55 4312.45 -22249.3 -1.36002e+006 -3969.72 -289.589 -540.311 -6296.72 -1798.3 ;
314.518 218.543 11188 499.541 176.562 51.5291 163.967 -332.62 -25192.3 -123.526 -14.1687 -66.3452 -446.566 -227.22 ;
131.298 82.7284 4425.46 176.562 282.366 29.0386 70.5273 -116.348 -9719.77 -49.7121 -4.69125 -38.4849 -271.24 -187.439 ;
37.6132 26.1676 1284.55 51.5291 29.0386 37.6132 18.5403 -39.6947 -2851.21 -21.1998 -1.28385 -9.36468 -59.7641 -32.2592 ;
118.162 79.845 4312.45 163.967 70.5273 18.5403 118.162 -115.285 -9917.97 -46.9091 -4.26539 -21.5455 -165.134 -73.9947 ;
-260.772 -597.738 -22249.3 -332.62 -116.348 -39.6947 -115.285 1229.15 46059.2 140.153 10.4695 -12.3799 -112.991 -30.584 ;
-19127.4 -30491.8 -1.36002e+006 -25192.3 -9719.77 -2851.21 -9917.97 46059.2 3.20849e+006 9974.68 848.401 -903.133 -9209.61 -2818.28 ;
-96.0058 -81.3338 -3969.72 -123.526 -49.7121 -21.1998 -46.9091 140.153 9974.68 108.362 3.25272 -12.3564 -93.0263 -38.4355 ;
-6.83222 -5.85658 -289.589 -14.1687 -4.69125 -1.28385 -4.26539 10.4695 848.401 3.25272 7.258 -0.425779 -3.68422 -1.67911 ;
-49.7383 -9.66451 -540.311 -66.3452 -38.4849 -9.36468 -21.5455 -12.3799 -903.133 -12.3564 -0.425779 72.1059 498.006 226.271 ;
-341.664 -112.342 -6296.72 -446.566 -271.24 -59.7641 -165.134 -112.991 -9209.61 -93.0263 -3.68422 498.006 6143.01 1623.16 ;
-161.577 -29.3963 -1798.3 -227.22 -187.439 -32.2592 -73.9947 -30.584 -2818.28 -38.4355 -1.67911 226.271 1623.16 982.193 ;
]

