Iter 0

Size = 14
Data size = 105
[ 149088 796157 2171.88 119 -2135.88 -193041 -5255.22 -2135.88 -26439.4 -169511 -3193.27 -1207.8 -629.939 -926.739 ;
796157 7.3208e+006 20103.8 1976 -20548.6 -1.61315e+006 -53058.2 -20548.6 -222856 -1.467e+006 -29653.7 -12213.2 -5482.11 -9366.11 ;
2171.88 20103.8 191.333 8.44444 -95.6667 -3884.06 -245.778 -95.6667 -554.404 -3919.78 -132.222 -56.6667 -34.3333 -42.3333 ;
119 1976 8.44444 17.5556 -8.77778 -407.644 -32.4444 -8.77778 -57.9244 -408.111 -14.5556 -5 -2 -6.33333 ;
-2135.88 -20548.6 -95.6667 -8.77778 380.444 15503.8 973.111 -190.222 -1100.32 -7804.89 -269 -111.222 -48.7778 -87.8889 ;
-193041 -1.61315e+006 -3884.06 -407.644 15503.8 2.15508e+006 40103.8 -7751.91 -145149 -876475 -11001.8 -4033.24 -1698.66 -3564.28 ;
-5255.22 -53058.2 -245.778 -32.4444 973.111 40103.8 3812.22 -486.556 -2826.96 -20039.3 -766.889 -484.889 -121.222 -244.889 ;
-2135.88 -20548.6 -95.6667 -8.77778 -190.222 -7751.91 -486.556 380.444 2200.64 15609.8 538 222.444 97.5556 175.778 ;
-26439.4 -222856 -554.404 -57.9244 -1100.32 -145149 -2826.96 2200.64 39415 238758 3111.84 1150.31 487.207 1009.96 ;
-169511 -1.467e+006 -3919.78 -408.111 -7804.89 -876475 -20039.3 15609.8 238758 1.52496e+006 22040.7 8422.22 3452.67 7210 ;
-3193.27 -29653.7 -132.222 -14.5556 -269 -11001.8 -766.889 538 3111.84 22040.7 982 346.667 151.556 262 ;
-1207.8 -12213.2 -56.6667 -5 -111.222 -4033.24 -484.889 222.444 1150.31 8422.22 346.667 479.778 80 107.556 ;
-629.939 -5482.11 -34.3333 -2 -48.7778 -1698.66 -121.222 97.5556 487.207 3452.67 151.556 80 97.5556 40.6667 ;
-926.739 -9366.11 -42.3333 -6.33333 -87.8889 -3564.28 -244.889 175.778 1009.96 7210 262 107.556 40.6667 175.778 ;
]
+++++++++++++
Iter 1

Size = 14
Data size = 105
[ 72225.1 458642 1331.28 57.6343 -526.426 -47790.8 -849.405 -2121.04 -27486.6 -170212 -3092.03 -1218 -583.77 -931.894 ;
458642 4.77157e+006 14357.2 1579.08 -5514.29 -411259 -9828.11 -23559.9 -254272 -1.66359e+006 -33403.1 -14296 -5792.47 -11251.2 ;
1331.28 14357.2 149.966 6.96594 -29.9671 -1073.13 -54.6687 -119.998 -683.727 -4826.74 -163.934 -73.7824 -40.4307 -54.574 ;
57.6343 1579.08 6.96594 14.8749 -2.15566 -89.3865 -6.91727 -12.7192 -75.6369 -529.612 -21.0161 -7.18767 -2.89352 -9.35244 ;
-526.426 -5514.29 -29.9671 -2.15566 203.513 6633.77 385.074 -144.202 -657.019 -4934.07 -190.048 -57.4452 -39.1592 -62.6146 ;
-47790.8 -411259 -1073.13 -89.3865 6633.77 659401 12364 -4497.4 -53420.1 -342511 -6044.78 -1680.98 -1214.23 -2031.54 ;
-849.405 -9828.11 -54.6687 -6.91727 385.074 12364 1268.74 -278.534 -1245.04 -9417.89 -426.72 -221.426 -70.2756 -135.151 ;
-2121.04 -23559.9 -119.998 -12.7192 -144.202 -4497.4 -278.534 381.121 1985.53 14343.9 521.423 201.638 95.6086 175.177 ;
-27486.6 -254272 -683.727 -75.6369 -657.019 -53420.1 -1245.04 1985.53 30288.5 188404 2726.53 961.395 464.142 932.15 ;
-170212 -1.66359e+006 -4826.74 -529.612 -4934.07 -342511 -9417.89 14343.9 188404 1.23358e+006 19571.7 7126.53 3291.86 6755.1 ;
-3092.03 -33403.1 -163.934 -21.0161 -190.048 -6044.78 -426.72 521.423 2726.53 19571.7 924.831 304.626 143.347 251.523 ;
-1218 -14296 -73.7824 -7.18767 -57.4452 -1680.98 -221.426 201.638 961.395 7126.53 304.626 425.059 69.4494 97.9338 ;
-583.77 -5792.47 -40.4307 -2.89352 -39.1592 -1214.23 -70.2756 95.6086 464.142 3291.86 143.347 69.4494 95.6086 39.5809 ;
-931.894 -11251.2 -54.574 -9.35244 -62.6146 -2031.54 -135.151 175.177 932.15 6755.1 251.523 97.9338 39.5809 175.177 ;
]
+++++++++++++
Iter 2

Size = 14
Data size = 105
[ 53844.7 385358 1160.97 56.0285 -292.198 -10758.6 -465.444 -2011.46 -26070.4 -160987 -2844.82 -1100.39 -516.709 -884.607 ;
385358 4.29136e+006 13360.1 1574.83 -3566.25 -123995 -6367.72 -23576.5 -240195 -1.5926e+006 -33221.2 -13965.4 -5434.9 -11371.3 ;
1160.97 13360.1 144.142 6.71765 -24.2249 -459.679 -43.4242 -119.917 -654.92 -4688.45 -162.342 -72.2505 -39.4594 -54.94 ;
56.0285 1574.83 6.71765 14.9656 -1.68815 -46.2965 -5.25415 -13.2774 -73.1216 -528.661 -22.0642 -7.73027 -3.16121 -9.68439 ;
-292.198 -3566.25 -24.2249 -1.68815 171.033 3781.04 316.52 -123.609 -420.793 -3401.63 -160.112 -48.1898 -33.9318 -52.1814 ;
-10758.6 -123995 -459.679 -46.2965 3781.04 188665 6826.89 -2790.74 -19886.5 -143161 -3633.16 -1048.27 -774.178 -1280.64 ;
-465.444 -6367.72 -43.4242 -5.25415 316.52 6826.89 1036.58 -232.626 -762.084 -6215.14 -353.188 -185.411 -59.0893 -109.999 ;
-2011.46 -23576.5 -119.917 -13.2774 -123.609 -2790.74 -232.626 361.869 1708.53 12660.9 490.656 190.15 88.4737 166.689 ;
-26070.4 -240195 -654.92 -73.1216 -420.793 -19886.5 -762.084 1708.53 22740.6 143187 2333 844.058 386.151 821.63 ;
-160987 -1.5926e+006 -4688.45 -528.661 -3401.63 -143161 -6215.14 12660.9 143187 955151 17174.5 6413.31 2814.92 6091.87 ;
-2844.82 -33221.2 -162.342 -22.0642 -160.112 -3633.16 -353.188 490.656 2333 17174.5 862.386 284.482 131.119 236.966 ;
-1100.39 -13965.4 -72.2505 -7.73027 -48.1898 -1048.27 -185.411 190.15 844.058 6413.31 284.482 401.627 63.3367 93.3706 ;
-516.709 -5434.9 -39.4594 -3.16121 -33.9318 -774.178 -59.0893 88.4737 386.151 2814.92 131.119 63.3367 88.4737 36.3895 ;
-884.607 -11371.3 -54.94 -9.68439 -52.1814 -1280.64 -109.999 166.689 821.63 6091.87 236.966 93.3706 36.3895 166.689 ;
]
+++++++++++++
Iter 3

Size = 14
Data size = 105
[ 70268.2 455891 1262.51 83.9527 -231.61 -5737.63 -476.959 -2293.7 -31570.3 -200244 -3024.08 -1112.44 -538.251 -1015.07 ;
455891 4.71202e+006 13624.8 1611.03 -2920.61 -72682.1 -6845.86 -25078.3 -272553 -1.80499e+006 -33480.7 -13308.1 -5289.32 -12043.8 ;
1262.51 13624.8 136.286 6.47784 -21.7273 -329.709 -51.1954 -114.559 -703.866 -4962.41 -146.897 -60.8119 -35.0855 -52.8216 ;
83.9527 1611.03 6.47784 14.3536 -1.79948 -37.5877 -6.02932 -12.5541 -83.056 -591.042 -19.7945 -6.91571 -2.95024 -9.28195 ;
-231.61 -2920.61 -21.7273 -1.79948 153.218 2396.55 383.4 -111.647 -266.985 -2326.69 -145.813 -67.0628 -26.7745 -49.1537 ;
-5737.63 -72682.1 -329.709 -37.5877 2396.55 69980 5950.82 -1698.45 -7241.94 -60109 -2252.45 -1026.45 -399.763 -808.733 ;
-476.959 -6845.86 -51.1954 -6.02932 383.4 5950.82 1508.26 -287.742 -678.47 -5900.57 -420.028 -299.451 -66.5676 -139.584 ;
-2293.7 -25078.3 -114.559 -12.5541 -111.647 -1698.45 -287.742 342.133 1667.81 12333.8 446.279 187.301 75.3081 160.814 ;
-31570.3 -272553 -703.866 -83.056 -266.985 -7241.94 -678.47 1667.81 23583.6 146755 2221.9 847.987 333.362 809.381 ;
-200244 -1.80499e+006 -4962.41 -591.042 -2326.69 -60109 -5900.57 12333.8 146755 965498 16417.8 6468.33 2446.4 5992.42 ;
-3024.08 -33480.7 -146.897 -19.7945 -145.813 -2252.45 -420.028 446.279 2221.9 16417.8 748.259 270.226 105.506 221.135 ;
-1112.44 -13308.1 -60.8119 -6.91571 -67.0628 -1026.45 -299.451 187.301 847.987 6468.33 270.226 399.745 54.6424 93.8367 ;
-538.251 -5289.32 -35.0855 -2.95024 -26.7745 -399.763 -66.5676 75.3081 333.362 2446.4 105.506 54.6424 75.3081 32.1584 ;
-1015.07 -12043.8 -52.8216 -9.28195 -49.1537 -808.733 -139.584 160.814 809.381 5992.42 221.135 93.8367 32.1584 160.814 ;
]
+++++++++++++
Iter 4

Size = 14
Data size = 105
[ 64653 404446 1162.24 98.8186 -129.977 -2190.56 -267.984 -2179.08 -29053.5 -187513 -2844.06 -1049.41 -483.247 -968.582 ;
404446 4.16575e+006 12546.2 1543.88 -1641.69 -28686.3 -3841.09 -24145.6 -246598 -1.6593e+006 -31862 -12678.1 -4822.17 -11798.9 ;
1162.24 12546.2 130.383 6.28814 -15.6298 -178.225 -36.916 -114.753 -655.74 -4714.56 -145.249 -60.0846 -33.5163 -53.4153 ;
98.8186 1543.88 6.28814 14.0642 -1.12547 -18.455 -3.73597 -12.9387 -84.6375 -614.306 -20.3905 -7.02576 -3.00538 -9.57881 ;
-129.977 -1641.69 -15.6298 -1.12547 113.495 1296.47 285.031 -84.7288 -155.152 -1394.98 -108.66 -50.694 -20.0623 -36.3262 ;
-2190.56 -28686.3 -178.225 -18.455 1296.47 26130.7 3210.44 -950.282 -2935.3 -25844.8 -1225.96 -565.181 -225.737 -438.968 ;
-267.984 -3841.09 -36.916 -3.73597 285.031 3210.44 1127.42 -219.12 -394.648 -3538.65 -314.404 -228.051 -50.7951 -103.53 ;
-2179.08 -24145.6 -114.753 -12.9387 -84.7288 -950.282 -219.12 316.552 1479.58 11032 406.66 170.055 66.5189 149.721 ;
-29053.5 -246598 -655.74 -84.6375 -155.152 -2935.3 -394.648 1479.58 20149 126691 1956.62 741.385 283.475 723.746 ;
-187513 -1.6593e+006 -4714.56 -614.306 -1394.98 -25844.8 -3538.65 11032 126691 842753 14551 5679.73 2082.97 5403.41 ;
-2844.06 -31862 -145.249 -20.3905 -108.66 -1225.96 -314.404 406.66 1956.62 14551 675.008 241.961 91.8099 202.679 ;
-1049.41 -12678.1 -60.0846 -7.02576 -50.694 -565.181 -228.051 170.055 741.385 5679.73 241.961 361.769 46.9189 85.8828 ;
-483.247 -4822.17 -33.5163 -3.00538 -20.0623 -225.737 -50.7951 66.5189 283.475 2082.97 91.8099 46.9189 66.5189 28.6817 ;
-968.582 -11798.9 -53.4153 -9.57881 -36.3262 -438.968 -103.53 149.721 723.746 5403.41 202.679 85.8828 28.6817 149.721 ;
]
+++++++++++++
Iter 5

Size = 14
Data size = 105
[ 52976.9 352454 1098.62 77.1764 -114.166 -1278.36 -274.592 -2046.45 -24820.1 -158632 -2582.44 -914.145 -414.251 -1009.49 ;
352454 3.7275e+006 12074 1495.46 -1434.03 -17350.4 -3912.48 -22945.5 -220739 -1.49939e+006 -29721.8 -11064.4 -4212.65 -12052.1 ;
1098.62 12074 133.82 6.74107 -17.7838 -151.742 -49.6547 -116.036 -610.313 -4489.78 -146.094 -55.4473 -31.2751 -56.9667 ;
77.1764 1495.46 6.74107 15.3579 -1.4714 -17.0751 -5.19422 -13.8865 -69.4628 -530.421 -23.3406 -7.6768 -3.12543 -10.4662 ;
-114.166 -1434.03 -17.7838 -1.4714 101.633 853.412 291.112 -70.1766 -98.8537 -896.287 -93.4663 -48.5869 -14.6151 -31.472 ;
-1278.36 -17350.4 -151.742 -17.0751 853.412 12453.2 2482.97 -586.221 -1370.09 -12390.3 -776.776 -409.277 -117.259 -294.215 ;
-274.592 -3912.48 -49.6547 -5.19422 291.112 2482.97 1220.66 -208.98 -297.55 -2688.11 -304.065 -229.847 -44.5667 -100.749 ;
-2046.45 -22945.5 -116.036 -13.8865 -70.1766 -586.221 -208.98 299.137 1342.09 10042.7 384.864 155.188 56.4855 150.112 ;
-24820.1 -220739 -610.313 -69.4628 -98.8537 -1370.09 -297.55 1342.09 17289.8 109629 1758.27 665.363 245.842 687.958 ;
-158632 -1.49939e+006 -4489.78 -530.421 -896.287 -12390.3 -2688.11 10042.7 109629 737021 13073.6 5077.18 1784.57 5200.82 ;
-2582.44 -29721.8 -146.094 -23.3406 -93.4663 -776.776 -304.065 384.864 1758.27 13073.6 639.104 217.181 76.1402 207.854 ;
-914.145 -11064.4 -55.4473 -7.6768 -48.5869 -409.277 -229.847 155.188 665.363 5077.18 217.181 326.575 37.7697 86.0449 ;
-414.251 -4212.65 -31.2751 -3.12543 -14.6151 -117.259 -44.5667 56.4855 245.842 1784.57 76.1402 37.7697 56.4855 28.2801 ;
-1009.49 -12052.1 -56.9667 -10.4662 -31.472 -294.215 -100.749 150.112 687.958 5200.82 207.854 86.0449 28.2801 150.112 ;
]
+++++++++++++
Iter 6

Size = 14
Data size = 105
[ 64246.1 382348 1135.92 121.764 -84.0625 -845.564 -212.834 -2113.35 -28889.2 -187396 -2627.62 -970.077 -375.505 -1011.45 ;
382348 3.85075e+006 11975.2 1608.68 -1043.29 -11405.2 -3022.08 -23244.5 -237791 -1.60077e+006 -29522.8 -11683.1 -3862.85 -12056.1 ;
1135.92 11975.2 128.171 6.92455 -13.5618 -107.776 -39.7107 -114.61 -642.361 -4652.71 -140.456 -56.8112 -28.1803 -56.499 ;
121.764 1608.68 6.92455 15.421 -1.03725 -11.0185 -3.68438 -14.3837 -84.2353 -634.269 -24.3142 -7.98397 -3.13902 -10.6095 ;
-84.0625 -1043.29 -13.5618 -1.03725 82.7184 602.419 247.394 -58.6378 -72.0791 -655.28 -76.1395 -43.6437 -11.191 -26.081 ;
-845.564 -11405.2 -107.776 -11.0185 602.419 7674.02 1852.49 -416.397 -856.181 -7854.73 -535.771 -321.752 -77.5646 -204.81 ;
-212.834 -3022.08 -39.7107 -3.68438 247.394 1852.49 1065.05 -181.625 -228.984 -2074.76 -257.749 -209.817 -36.7299 -86.0781 ;
-2113.35 -23244.5 -114.61 -14.3837 -58.6378 -416.397 -181.625 286.749 1353.16 10041 359.265 153.483 48.8797 143.962 ;
-28889.2 -237791 -642.361 -84.2353 -72.0791 -856.181 -228.984 1353.16 19620.2 122624 1745.93 675.127 224.142 685.784 ;
-187396 -1.60077e+006 -4652.71 -634.269 -655.28 -7854.73 -2074.76 10041 122624 809488 12940 5135.8 1622.47 5119.6 ;
-2627.62 -29522.8 -140.456 -24.3142 -76.1395 -535.771 -257.749 359.265 1745.93 12940 579.645 211.894 62.6994 194.382 ;
-970.077 -11683.1 -56.8112 -7.98397 -43.6437 -321.752 -209.817 153.483 675.127 5135.8 211.894 327.482 33.9268 82.7734 ;
-375.505 -3862.85 -28.1803 -3.13902 -11.191 -77.5646 -36.7299 48.8797 224.142 1622.47 62.6994 33.9268 48.8797 24.6329 ;
-1011.45 -12056.1 -56.499 -10.6095 -26.081 -204.81 -86.0781 143.962 685.784 5119.6 194.382 82.7734 24.6329 143.962 ;
]
+++++++++++++
Iter 7

Size = 14
Data size = 105
[ 59321.2 353041 1068.73 96.3676 -82.0262 -734.397 -206.039 -1971.59 -27303.5 -176062 -2413.35 -889.813 -311.947 -921.054 ;
353041 3.58034e+006 11268.2 1242.52 -992.404 -9759.98 -2864.45 -21790.3 -224754 -1.51077e+006 -27341.3 -10833 -3244.19 -11060.2 ;
1068.73 11268.2 123.677 5.35317 -13.7668 -100.424 -40.4729 -109.91 -610.617 -4433.02 -134.093 -54.7491 -24.4588 -52.8432 ;
96.3676 1242.52 5.35317 11.1982 -0.61636 -5.47816 -2.39554 -10.5819 -60.5157 -456.875 -20.3296 -6.59712 -2.98972 -6.71177 ;
-82.0262 -992.404 -13.7668 -0.61636 79.2836 529.335 236.759 -54.5645 -62.8823 -570.532 -70.7668 -40.6644 -9.33718 -23.2822 ;
-734.397 -9759.98 -100.424 -5.47816 529.335 6225.98 1636.65 -359.062 -691.926 -6367.16 -457.446 -277.123 -57.8521 -169.625 ;
-206.039 -2864.45 -40.4729 -2.39554 236.759 1636.65 1017.48 -169.896 -201.933 -1826.57 -240.079 -195.493 -31.1783 -76.8822 ;
-1971.59 -21790.3 -109.91 -10.5819 -54.5645 -359.062 -169.896 272.825 1272.39 9445.44 340.162 144.214 41.6197 133.067 ;
-27303.5 -224754 -610.617 -60.5157 -62.8823 -691.926 -201.933 1272.39 18687.1 117014 1627.54 630.461 199.519 633.931 ;
-176062 -1.51077e+006 -4433.02 -456.875 -570.532 -6367.16 -1826.57 9445.44 117014 773571 12034.9 4804.37 1429.73 4729.83 ;
-2413.35 -27341.3 -134.093 -20.3296 -70.7668 -457.446 -240.079 340.162 1627.54 12034.9 547.135 196.336 52.495 177.477 ;
-889.813 -10833 -54.7491 -6.59712 -40.6644 -277.123 -195.493 144.214 630.461 4804.37 196.336 309.696 29.3419 75.5495 ;
-311.947 -3244.19 -24.4588 -2.98972 -9.33718 -57.8521 -31.1783 41.6197 199.519 1429.73 52.495 29.3419 41.6197 20.4589 ;
-921.054 -11060.2 -52.8432 -6.71177 -23.2822 -169.625 -76.8822 133.067 633.931 4729.83 177.477 75.5495 20.4589 133.067 ;
]
+++++++++++++
Iter 8

Size = 14
Data size = 105
[ 57993.1 345088 1053.77 91.2057 -78.9881 -696.529 -198.287 -1939.73 -26701.5 -172225 -2359.58 -870.275 -323.932 -915.968 ;
345088 3.504e+006 11130 1160.87 -959.469 -9304.01 -2773.62 -21451.2 -219534 -1.47662e+006 -26800.8 -10628.1 -3340.58 -10963 ;
1053.77 11130 122.811 4.92453 -13.4643 -97.3157 -39.6312 -109.347 -599.286 -4360.67 -133.073 -54.3057 -25.2482 -52.7197 ;
91.2057 1160.87 4.92453 10.3263 -0.553413 -4.80865 -2.17926 -9.7729 -56.0107 -423.22 -19.1145 -6.29341 -2.7422 -5.98031 ;
-78.9881 -959.469 -13.4643 -0.553413 78.2819 515.042 234.499 -54.2397 -61.7344 -559.943 -70.2612 -40.8081 -9.86572 -23.3047 ;
-696.529 -9304.01 -97.3157 -4.80865 515.042 5973.7 1599.09 -351.531 -669.244 -6161.86 -446.922 -274.312 -60.9278 -168.051 ;
-198.287 -2773.62 -39.6312 -2.17926 234.499 1599.09 1010.25 -169.493 -199.262 -1802.21 -239.197 -196.491 -33.0096 -77.2198 ;
-1939.73 -21451.2 -109.347 -9.7729 -54.2397 -351.531 -169.493 270.364 1249.33 9282.58 335.856 142.976 43.4517 132.55 ;
-26701.5 -219534 -599.286 -56.0107 -61.7344 -669.244 -199.262 1249.33 18189.9 113975 1591.77 616.206 200.743 624.658 ;
-172225 -1.47662e+006 -4360.67 -423.22 -559.943 -6161.86 -1802.21 9282.58 113975 754170 11780.2 4696.61 1445.06 4666.87 ;
-2359.58 -26800.8 -133.073 -19.1145 -70.2612 -446.922 -239.197 335.856 1591.77 11780.2 538.651 194.567 55.1195 176.566 ;
-870.275 -10628.1 -54.3057 -6.29341 -40.8081 -274.312 -196.491 142.976 616.206 4696.61 194.567 307.465 30.6181 75.3879 ;
-323.932 -3340.58 -25.2482 -2.7422 -9.86572 -60.9278 -33.0096 43.4517 200.743 1445.06 55.1195 30.6181 43.4517 21.3748 ;
-915.968 -10963 -52.7197 -5.98031 -23.3047 -168.051 -77.2198 132.55 624.658 4666.87 176.566 75.3879 21.3748 132.55 ;
]
+++++++++++++
Iter 9

Size = 14
Data size = 105
[ 56438.3 340600 1040.27 81.6682 -78.4538 -691.77 -196.265 -1918.2 -26258.8 -169033 -2323.35 -857.963 -314.01 -902.462 ;
340600 3.47858e+006 11023.7 1077.55 -951.704 -9230.47 -2743.88 -21251.7 -218043 -1.46507e+006 -26468.5 -10484 -3240.32 -10807.2 ;
1040.27 11023.7 121.594 4.56664 -13.3669 -96.7714 -39.2688 -108.227 -594.667 -4323.27 -131.322 -53.5525 -24.492 -51.9573 ;
81.6682 1077.55 4.56664 9.45144 -0.492854 -4.24954 -1.96246 -8.95859 -51.0266 -384.454 -17.7306 -5.96339 -2.64443 -5.38341 ;
-78.4538 -951.704 -13.3669 -0.492854 78.063 513.566 233.855 -54.1807 -61.674 -559.444 -70.0408 -40.6324 -9.56915 -23.2259 ;
-691.77 -9230.47 -96.7714 -4.24954 513.566 5955.59 1595.78 -351.093 -668.483 -6156.21 -445.29 -273.111 -58.7577 -167.165 ;
-196.265 -2743.88 -39.2688 -1.96246 233.855 1595.78 1007.36 -169.475 -199.373 -1803.43 -238.591 -195.717 -32.0674 -77.0134 ;
-1918.2 -21251.7 -108.227 -8.95859 -54.1807 -351.093 -169.475 268.108 1239.97 9209.92 332.086 141.14 42.0484 130.87 ;
-26258.8 -218043 -594.667 -51.0266 -61.674 -668.483 -199.373 1239.97 18072.4 113058 1575.6 610.427 196.634 618.522 ;
-169033 -1.46507e+006 -4323.27 -384.454 -559.444 -6156.21 -1803.43 9209.92 113058 747038 11654.8 4651.71 1413.72 4617.98 ;
-2323.35 -26468.5 -131.322 -17.7306 -70.0408 -445.29 -238.591 332.086 1575.6 11654.8 531.305 191.293 53.0007 173.602 ;
-857.963 -10484 -53.5525 -5.96339 -40.6324 -273.111 -195.717 141.14 610.427 4651.71 191.293 303.687 29.5392 74.0088 ;
-314.01 -3240.32 -24.492 -2.64443 -9.56915 -58.7577 -32.0674 42.0484 196.634 1413.72 53.0007 29.5392 42.0484 20.5875 ;
-902.462 -10807.2 -51.9573 -5.38341 -23.2259 -167.165 -77.0134 130.87 618.522 4617.98 173.602 74.0088 20.5875 130.87 ;
]
+++++++++++++
Iter 10

Size = 14
Data size = 105
[ 56416.1 340770 1039.16 81.1677 -78.2396 -689.77 -195.608 -1919.64 -26258.7 -169012 -2325.43 -859.073 -315.397 -903.537 ;
340770 3.48124e+006 11017 1073.68 -949.271 -9203.62 -2735.28 -21267.2 -218164 -1.4658e+006 -26492.5 -10498.2 -3252.3 -10816.5 ;
1039.16 11017 121.471 4.55941 -13.317 -96.4204 -39.0833 -108.154 -594.578 -4322.17 -131.196 -53.5286 -24.535 -51.9409 ;
81.1677 1073.68 4.55941 9.41478 -0.491307 -4.22766 -1.95683 -8.92347 -50.7514 -382.375 -17.6711 -5.94903 -2.63541 -5.35779 ;
-78.2396 -949.271 -13.317 -0.491307 78.1154 513.666 233.899 -54.2923 -61.7834 -560.427 -70.1783 -40.7034 -9.64488 -23.2744 ;
-689.77 -9203.62 -96.4204 -4.22766 513.666 5953.65 1594.78 -351.664 -669.277 -6163.6 -445.963 -273.399 -59.2529 -167.447 ;
-195.608 -2735.28 -39.0833 -1.95683 233.899 1594.78 1007.41 -169.717 -199.549 -1804.96 -238.942 -196.014 -32.2815 -77.1392 ;
-1919.64 -21267.2 -108.154 -8.92347 -54.2923 -351.664 -169.717 268.336 1240.86 9216.22 332.387 141.331 42.2448 130.995 ;
-26258.7 -218164 -594.578 -50.7514 -61.7834 -669.277 -199.549 1240.86 18078.5 113082 1576.72 610.852 197.116 619.038 ;
-169012 -1.4658e+006 -4322.17 -382.375 -560.427 -6163.6 -1804.96 9216.22 113082 747122 11662.9 4654.94 1417.46 4621.71 ;
-2325.43 -26492.5 -131.196 -17.6711 -70.1783 -445.963 -238.942 332.387 1576.72 11662.9 531.899 191.657 53.3095 173.774 ;
-859.073 -10498.2 -53.5286 -5.94903 -40.7034 -273.399 -196.014 141.331 610.852 4654.94 191.657 304.133 29.718 74.1039 ;
-315.397 -3252.3 -24.535 -2.63541 -9.64488 -59.2529 -32.2815 42.2448 197.116 1417.46 53.3095 29.718 42.2448 20.664 ;
-903.537 -10816.5 -51.9409 -5.35779 -23.2744 -167.447 -77.1392 130.995 619.038 4621.71 173.774 74.1039 20.664 130.995 ;
]
+++++++++++++
Iter 11

Size = 14
Data size = 105
[ 56288.9 340290 1038.56 80.3735 -78.2244 -689.52 -195.534 -1917.66 -26217 -168715 -2321.72 -857.609 -315.563 -902.622 ;
340290 3.47754e+006 11012.6 1065.61 -949.096 -9200.63 -2734.6 -21246.6 -217946 -1.46422e+006 -26455.6 -10481.4 -3252.79 -10804.2 ;
1038.56 11012.6 121.454 4.5177 -13.3224 -96.4532 -39.1011 -108.132 -594.159 -4319.25 -131.15 -53.497 -24.5503 -51.9103 ;
80.3735 1065.61 4.5177 9.32939 -0.485822 -4.1795 -1.93763 -8.84357 -50.2874 -378.825 -17.5375 -5.91876 -2.61764 -5.29657 ;
-78.2244 -949.096 -13.3224 -0.485822 78.0973 513.55 233.893 -54.2777 -61.7683 -560.292 -70.1574 -40.7062 -9.65062 -23.2693 ;
-689.52 -9200.63 -96.4532 -4.1795 513.55 5952.34 1594.91 -351.581 -669.149 -6162.39 -445.822 -273.444 -59.2932 -167.43 ;
-195.534 -2734.6 -39.1011 -1.93763 233.893 1594.91 1007.5 -169.727 -199.583 -1805.29 -238.93 -196.051 -32.3085 -77.1453 ;
-1917.66 -21246.6 -108.132 -8.84357 -54.2777 -351.581 -169.727 268.161 1239.74 9207.81 332.074 141.19 42.2651 130.883 ;
-26217 -217946 -594.159 -50.2874 -61.7683 -669.149 -199.583 1239.74 18061.6 112962 1574.72 610.051 197.059 618.426 ;
-168715 -1.46422e+006 -4319.25 -378.825 -560.292 -6162.39 -1805.29 9207.81 112962 746258 11647.9 4648.78 1417.25 4617.08 ;
-2321.72 -26455.6 -131.15 -17.5375 -70.1574 -445.822 -238.93 332.074 1574.72 11647.9 531.244 191.406 53.3268 173.572 ;
-857.609 -10481.4 -53.497 -5.91876 -40.7062 -273.444 -196.051 141.19 610.051 4648.78 191.406 303.848 29.7174 74.0148 ;
-315.563 -3252.79 -24.5503 -2.61764 -9.65062 -59.2932 -32.3085 42.2651 197.059 1417.25 53.3268 29.7174 42.2651 20.6626 ;
-902.622 -10804.2 -51.9103 -5.29657 -23.2693 -167.43 -77.1453 130.883 618.426 4617.08 173.572 74.0148 20.6626 130.883 ;
]
+++++++++++++
Iter 12

Size = 14
Data size = 105
[ 56288.9 340290 1038.56 80.3737 -78.2266 -689.524 -195.531 -1917.66 -26217 -168715 -2321.7 -857.606 -315.568 -902.605 ;
340290 3.47753e+006 11012.6 1065.61 -949.11 -9200.55 -2734.53 -21246.5 -217945 -1.46421e+006 -26455.4 -10481.4 -3252.83 -10804.1 ;
1038.56 11012.6 121.454 4.51774 -13.3228 -96.4536 -39.1005 -108.131 -594.158 -4319.24 -131.149 -53.4973 -24.5505 -51.9097 ;
80.3737 1065.61 4.51774 9.32936 -0.485796 -4.17916 -1.9375 -8.84356 -50.2873 -378.825 -17.5375 -5.9188 -2.61762 -5.29664 ;
-78.2266 -949.11 -13.3228 -0.485796 78.0989 513.551 233.892 -54.2786 -61.7684 -560.292 -70.1583 -40.7057 -9.65103 -23.2692 ;
-689.524 -9200.55 -96.4536 -4.17916 513.551 5952.22 1594.85 -351.581 -669.135 -6162.27 -445.817 -273.433 -59.2946 -167.425 ;
-195.531 -2734.53 -39.1005 -1.9375 233.892 1594.85 1007.49 -169.726 -199.577 -1805.24 -238.928 -196.048 -32.3087 -77.1436 ;
-1917.66 -21246.5 -108.131 -8.84356 -54.2786 -351.581 -169.726 268.162 1239.74 9207.8 332.074 141.19 42.266 130.881 ;
-26217 -217945 -594.158 -50.2873 -61.7684 -669.135 -199.577 1239.74 18061.6 112962 1574.71 610.046 197.061 618.42 ;
-168715 -1.46421e+006 -4319.24 -378.825 -560.292 -6162.27 -1805.24 9207.8 112962 746257 11647.8 4648.75 1417.26 4617.03 ;
-2321.7 -26455.4 -131.149 -17.5375 -70.1583 -445.817 -238.928 332.074 1574.71 11647.8 531.241 191.406 53.3277 173.57 ;
-857.606 -10481.4 -53.4973 -5.9188 -40.7057 -273.433 -196.048 141.19 610.046 4648.75 191.406 303.848 29.7177 74.0137 ;
-315.568 -3252.83 -24.5505 -2.61762 -9.65103 -59.2946 -32.3087 42.266 197.061 1417.26 53.3277 29.7177 42.266 20.6623 ;
-902.605 -10804.1 -51.9097 -5.29664 -23.2692 -167.425 -77.1436 130.881 618.42 4617.03 173.57 74.0137 20.6623 130.881 ;
]
+++++++++++++
