============== BHHH ===============

Size = 14
Data size = 105
[ 76476 409102 1034.17 65.2979 -75.3241 -1295.82 -240.892 -2155.3 -37715.9 -226905 -2584.22 -917.005 -349.621 -937.195 ;
409102 3.49458e+006 9923.22 1001.27 -1028.92 -19881.2 -3458.16 -20696.5 -270557 -1.7205e+006 -26370.6 -9310.35 -2831.78 -9771.51 ;
1034.17 9923.22 110.688 2.22305 -13.7217 -211.615 -40.9421 -96.9663 -660.371 -4667.6 -120.742 -46.3075 -16.2685 -43.1365 ;
65.2979 1001.27 2.22305 8.62155 -0.8023 -30.0597 -3.14099 -7.81925 -36.8941 -270.858 -15.3935 -3.02943 -2.12649 -3.32145 ;
-75.3241 -1028.92 -13.7217 -0.8023 71.9123 565.314 222.116 -52.2739 -53.4651 -449.022 -72.546 -37.4073 -12.1968 -24.3442 ;
-1295.82 -19881.2 -211.615 -30.0597 565.314 20523.6 2151.82 -290.372 -1034.26 -8686.73 -399.33 -255.166 -46.3592 -201.439 ;
-240.892 -3458.16 -40.9421 -3.14099 222.116 2151.82 976.689 -164.999 -205.565 -1725.92 -253.481 -181.784 -40.9502 -84.8699 ;
-2155.3 -20696.5 -96.9663 -7.81925 -52.2739 -290.372 -164.999 254.982 1538.49 10613.2 326.073 128.971 39.0724 116.839 ;
-37715.9 -270557 -660.371 -36.8941 -53.4651 -1034.26 -205.565 1538.49 32611.5 194662 2121.89 685.907 211.7 688.252 ;
-226905 -1.7205e+006 -4667.6 -270.858 -449.022 -8686.73 -1725.92 10613.2 194662 1.23789e+006 14381 4818.34 1402.19 4754.4 ;
-2584.22 -26370.6 -120.742 -15.3935 -72.546 -399.33 -253.481 326.073 2121.89 14381 552.803 171.059 51.2614 153.777 ;
-917.005 -9310.35 -46.3075 -3.02943 -37.4073 -255.166 -181.784 128.971 685.907 4818.34 171.059 276.258 28.7606 65.5913 ;
-349.621 -2831.78 -16.2685 -2.12649 -12.1968 -46.3592 -40.9502 39.0724 211.7 1402.19 51.2614 28.7606 39.0724 17.4893 ;
-937.195 -9771.51 -43.1365 -3.32145 -24.3442 -201.439 -84.8699 116.839 688.252 4754.4 153.777 65.5913 17.4893 116.839 ;
]

============== Hessian ===============

Size = 14
Data size = 105
[ 56288.9 340290 1038.56 80.3737 -78.2266 -689.524 -195.531 -1917.66 -26217 -168715 -2321.7 -857.606 -315.568 -902.605 ;
340290 3.47753e+006 11012.6 1065.61 -949.11 -9200.55 -2734.53 -21246.5 -217945 -1.46421e+006 -26455.4 -10481.4 -3252.83 -10804.1 ;
1038.56 11012.6 121.454 4.51774 -13.3228 -96.4536 -39.1005 -108.131 -594.158 -4319.24 -131.149 -53.4973 -24.5505 -51.9097 ;
80.3737 1065.61 4.51774 9.32936 -0.485796 -4.17916 -1.9375 -8.84356 -50.2873 -378.825 -17.5375 -5.9188 -2.61762 -5.29664 ;
-78.2266 -949.11 -13.3228 -0.485796 78.0989 513.551 233.892 -54.2786 -61.7684 -560.292 -70.1583 -40.7057 -9.65103 -23.2692 ;
-689.524 -9200.55 -96.4536 -4.17916 513.551 5952.22 1594.85 -351.581 -669.135 -6162.27 -445.817 -273.433 -59.2946 -167.425 ;
-195.531 -2734.53 -39.1005 -1.9375 233.892 1594.85 1007.49 -169.726 -199.577 -1805.24 -238.928 -196.048 -32.3087 -77.1436 ;
-1917.66 -21246.5 -108.131 -8.84356 -54.2786 -351.581 -169.726 268.162 1239.74 9207.8 332.074 141.19 42.266 130.881 ;
-26217 -217945 -594.158 -50.2873 -61.7684 -669.135 -199.577 1239.74 18061.6 112962 1574.71 610.046 197.061 618.42 ;
-168715 -1.46421e+006 -4319.24 -378.825 -560.292 -6162.27 -1805.24 9207.8 112962 746257 11647.8 4648.75 1417.26 4617.03 ;
-2321.7 -26455.4 -131.149 -17.5375 -70.1583 -445.817 -238.928 332.074 1574.71 11647.8 531.241 191.406 53.3277 173.57 ;
-857.606 -10481.4 -53.4973 -5.9188 -40.7057 -273.433 -196.048 141.19 610.046 4648.75 191.406 303.848 29.7177 74.0137 ;
-315.568 -3252.83 -24.5505 -2.61762 -9.65103 -59.2946 -32.3087 42.266 197.061 1417.26 53.3277 29.7177 42.266 20.6623 ;
-902.605 -10804.1 -51.9097 -5.29664 -23.2692 -167.425 -77.1436 130.881 618.42 4617.03 173.57 74.0137 20.6623 130.881 ;
]

