Iter 0

Size = 14
Data size = 105
[ 344.444 314.093 14413.8 510.222 210.667 89.1111 158.444 -300.429 -18791.2 -87.5556 -6.66667 -172.222 -7200.21 -458.778 ;
314.093 1064.01 35278.7 434.98 153.743 63.5568 128.238 -681.35 -32278.7 -78.1981 -7.42773 -157.047 -21571.7 -379.699 ;
14413.8 35278.7 1.45237e+006 21099.3 8012.44 3103.56 6570.67 -24203.8 -1.37689e+006 -3648.44 -325.111 -7206.89 -838503 -19165.6 ;
510.222 434.98 21099.3 925.778 330.667 147.333 246.222 -451.554 -28266.8 -127.222 -11.6667 -255.111 -10590.9 -725 ;
210.667 153.743 8012.44 330.667 458.222 78.4444 102.222 -160.154 -11626.3 -54.4444 -3.66667 -105.333 -3860.06 -460.667 ;
89.1111 63.5568 3103.56 147.333 78.4444 89.1111 36.6667 -83.7457 -4967.11 -31.5556 -0.888889 -44.5556 -1517.16 -116.778 ;
158.444 128.238 6570.67 246.222 102.222 36.6667 158.444 -117.125 -8555 -38.3333 -4.77778 -79.2222 -3249.68 -229.111 ;
-300.429 -681.35 -24203.8 -451.554 -160.154 -83.7457 -117.125 3725.39 112218 296.678 16.3932 -300.429 -27610 -711.166 ;
-18791.2 -32278.7 -1.37689e+006 -28266.8 -11626.3 -4967.11 -8555 112218 6.78483e+006 18558.4 1575.56 -18791.2 -1.52196e+006 -50511.3 ;
-87.5556 -78.1981 -3648.44 -127.222 -54.4444 -31.5556 -38.3333 296.678 18558.4 175.111 6.22222 -87.5556 -3629.01 -233.556 ;
-6.66667 -7.42773 -325.111 -11.6667 -3.66667 -0.888889 -4.77778 16.3932 1575.56 6.22222 13.3333 -6.66667 -327.644 -25.5556 ;
-172.222 -157.047 -7206.89 -255.111 -105.333 -44.5556 -79.2222 -300.429 -18791.2 -87.5556 -6.66667 344.444 14400.4 917.556 ;
-7200.21 -21571.7 -838503 -10590.9 -3860.06 -1517.16 -3249.68 -27610 -1.52196e+006 -3629.01 -327.644 14400.4 2.06935e+006 38558.2 ;
-458.778 -379.699 -19165.6 -725 -460.667 -116.778 -229.111 -711.166 -50511.3 -233.556 -25.5556 917.556 38558.2 3604.67 ;
]
+++++++++++++
Iter 1

Size = 14
Data size = 105
[ 351.81 310.862 14301.8 506.394 193.518 86.7851 160.936 -328.156 -22713.6 -113.176 -9.70525 -130.872 -4368.17 -260.349 ;
310.862 999.29 32818 417.704 142.579 62.8561 128.78 -836.487 -42284.6 -107.314 -12.0703 -105.396 -9605.14 -184.808 ;
14301.8 32818 1.35095e+006 20380.3 7395.41 3037.48 6593.07 -29924.8 -1.79432e+006 -4937.84 -519.622 -4821.76 -365204 -9573.85 ;
506.394 417.704 20380.3 891.414 292.343 139.044 242.006 -488.206 -33318.5 -161.59 -16.7494 -184.732 -6193.58 -395.278 ;
193.518 142.579 7395.41 292.343 409.333 66.3634 94.4951 -184.699 -14381.8 -73.2022 -4.69858 -52.3491 -1642.04 -197.423 ;
86.7851 62.8561 3037.48 139.044 66.3634 86.7851 35.2588 -84.8888 -5358.37 -37.1135 -1.07058 -34.9174 -1021.95 -64.4179 ;
160.936 128.78 6593.07 242.006 94.4951 35.2588 160.936 -133.663 -10844 -51.2224 -7.13467 -56.3539 -1865.87 -125.7 ;
-328.156 -836.487 -29924.8 -488.206 -184.699 -84.8888 -133.663 2333.94 74310.7 210.836 14.9453 -84.2497 -6905.27 -141.783 ;
-22713.6 -42284.6 -1.79432e+006 -33318.5 -14381.8 -5358.37 -10844 74310.7 4.84049e+006 14187.1 1291.87 -5467.87 -402095 -10365.7 ;
-113.176 -107.314 -4937.84 -161.59 -73.2022 -37.1135 -51.2224 210.836 14187.1 141.441 5.30695 -28.2644 -1066.06 -54.0774 ;
-9.70525 -12.0703 -519.622 -16.7494 -4.69858 -1.07058 -7.13467 14.9453 1291.87 5.30695 11.3269 -1.62163 -74.6982 -5.26343 ;
-130.872 -105.396 -4821.76 -184.732 -52.3491 -34.9174 -56.3539 -84.2497 -5467.87 -28.2644 -1.62163 186.726 6450.59 365.001 ;
-4368.17 -9605.14 -365204 -6193.58 -1642.04 -1021.95 -1865.87 -6905.27 -402095 -1066.06 -74.6982 6450.59 662892 12524 ;
-260.349 -184.808 -9573.85 -395.278 -197.423 -64.4179 -125.7 -141.783 -10365.7 -54.0774 -5.26343 365.001 12524 1164.53 ;
]
+++++++++++++
Iter 2

Size = 14
Data size = 105
[ 343.426 292.607 13571.1 492.178 188.202 84.0743 157.281 -373.516 -25340.3 -120.435 -10.1667 -106.141 -2453.17 -206.528 ;
292.607 897.04 29501.7 390.129 136.102 59.5059 123.453 -990.964 -48189.7 -119.15 -12.2264 -62.1235 -2860.08 -107.88 ;
13571.1 29501.7 1.22184e+006 19231 7079.65 2888.36 6345.61 -34095.3 -2.01913e+006 -5408.83 -516.781 -3046.27 -129751 -5884.22 ;
492.178 390.129 19231 863.431 283.522 134.174 235.426 -547.122 -36909.7 -171.176 -17.4227 -148.529 -3484.48 -311.351 ;
188.202 136.102 7079.65 283.522 397.864 63.8414 92.0619 -200.297 -15292.7 -75.9182 -4.89178 -41.3303 -942.268 -155.727 ;
84.0743 59.5059 2888.36 134.174 63.8414 84.0743 34.0183 -94.7479 -5885.78 -39.1451 -1.10773 -29.0117 -615.03 -52.1858 ;
157.281 123.453 6345.61 235.426 92.0619 34.0183 157.281 -148.98 -11998.3 -54.4563 -7.5107 -44.8125 -1112.88 -97.8618 ;
-373.516 -990.964 -34095.3 -547.122 -200.297 -94.7479 -148.98 2391.67 78272.4 215.27 11.8078 -57.1836 -2155.74 -90.6278 ;
-25340.3 -48189.7 -2.01913e+006 -36909.7 -15292.7 -5885.78 -11998.3 78272.4 5.01299e+006 14456.6 1263.5 -3716.63 -143363 -6882.26 ;
-120.435 -119.15 -5408.83 -171.176 -75.9182 -39.1451 -54.4563 215.27 14456.6 143.452 5.21903 -23.0171 -491.931 -42.975 ;
-10.1667 -12.2264 -516.781 -17.4227 -4.89178 -1.10773 -7.5107 11.8078 1263.5 5.21903 11.4152 -1.24858 -31.3988 -3.86567 ;
-106.141 -62.1235 -3046.27 -148.529 -41.3303 -29.0117 -44.8125 -57.1836 -3716.63 -23.0171 -1.24858 151.553 3524.44 289.374 ;
-2453.17 -2860.08 -129751 -3484.48 -942.268 -615.03 -1112.88 -2155.74 -143363 -491.931 -31.3988 3524.44 179028 6713.98 ;
-206.528 -107.88 -5884.22 -311.351 -155.727 -52.1858 -97.8618 -90.6278 -6882.26 -42.975 -3.86567 289.374 6713.98 914.79 ;
]
+++++++++++++
Iter 3

Size = 14
Data size = 105
[ 301.807 241.62 11531.5 411.36 170.438 64.8841 142.471 -329.291 -22725.9 -100.236 -8.64332 -101.871 -1585.41 -278.563 ;
241.62 629.454 22221.1 316.552 116.805 45.2071 105.362 -855.558 -40054.6 -100.512 -11.0446 -41.2749 -1158.87 -101.411 ;
11531.5 22221.1 978574 15966.2 6189.99 2233.97 5563.89 -30952.8 -1.76181e+006 -4748.04 -506.57 -2158.29 -58037.1 -5819.43 ;
411.36 316.552 15966.2 681.224 243.788 97.2843 203.03 -455.074 -31718.5 -135.102 -14.186 -138.487 -2189.51 -401.603 ;
170.438 116.805 6189.99 243.788 365.139 50.7369 86.7032 -155.478 -12201.3 -54.9564 -4.28876 -64.0232 -1004.72 -289.874 ;
64.8841 45.2071 2233.97 97.2843 50.7369 64.8841 27.77 -72.7158 -4696.04 -29.64 -0.958035 -23.9036 -350.91 -63.438 ;
142.471 105.362 5563.89 203.03 86.7032 27.77 142.471 -130.04 -10893.9 -46.0553 -6.24769 -45.5759 -774.381 -136.54 ;
-329.291 -855.558 -30952.8 -455.074 -155.478 -72.7158 -130.04 1999.8 68101.5 178.883 14.0831 -31.3763 -824.029 -67.8867 ;
-22725.9 -40054.6 -1.76181e+006 -31718.5 -12201.3 -4696.04 -10893.9 68101.5 4.41233e+006 12289.8 1229.43 -2316.2 -61801.6 -5984.42 ;
-100.236 -100.512 -4748.04 -135.102 -54.9564 -29.64 -46.0553 178.883 12289.8 117.349 4.37955 -17.1133 -268.219 -44.5543 ;
-8.64332 -11.0446 -506.57 -14.186 -4.28876 -0.958035 -6.24769 14.0831 1229.43 4.37955 9.88409 -1.24076 -25.607 -4.11275 ;
-101.871 -41.2749 -2158.29 -138.487 -64.0232 -23.9036 -45.5759 -31.3763 -2316.2 -17.1133 -1.24076 134.616 2158.63 361.414 ;
-1585.41 -1158.87 -58037.1 -2189.51 -1004.72 -350.91 -774.381 -824.029 -61801.6 -268.219 -25.607 2158.63 66571.8 5764.85 ;
-278.563 -101.411 -5819.43 -401.603 -289.874 -63.438 -136.54 -67.8867 -5984.42 -44.5543 -4.11275 361.414 5764.85 1436.51 ;
]
+++++++++++++
Iter 4

Size = 14
Data size = 105
[ 282.687 220.178 10546.5 381.039 156.912 58.5023 134.087 -324.429 -22584.6 -102.17 -8.77647 -77.4168 -890.355 -212.988 ;
220.178 544.423 19256.6 285.809 105.123 40.2426 97.4535 -765.35 -37290.7 -95.4993 -9.86168 -24.2025 -480.374 -59.3204 ;
10546.5 19256.6 852147 14484.3 5601.23 1991.93 5162.1 -27661.5 -1.65389e+006 -4572.2 -445.549 -1294.88 -25037 -3504.26 ;
381.039 285.809 14484.3 626.401 222.023 87.059 188.949 -442.543 -31236.8 -136.444 -14.2966 -103.782 -1203.18 -302.774 ;
156.912 105.123 5601.23 222.023 334.887 44.7341 80.2508 -154.53 -12046.6 -55.6928 -4.29051 -48.5397 -556.973 -221.431 ;
58.5023 40.2426 1991.93 87.059 44.7341 58.5023 25.0986 -70.6419 -4496.31 -28.9939 -0.974317 -18.1175 -202.936 -48.9673 ;
134.087 97.4535 5162.1 188.949 80.2508 25.0986 134.087 -131.694 -11021.4 -47.4067 -6.49646 -33.704 -421.828 -101.531 ;
-324.429 -765.35 -27661.5 -442.543 -154.53 -70.6419 -131.694 1755.81 61869.9 166.813 10.2392 -18.476 -322.318 -39.6124 ;
-22584.6 -37290.7 -1.65389e+006 -31236.8 -12046.6 -4496.31 -11021.4 61869.9 4.07117e+006 11664.7 1099.34 -1337.75 -24590.8 -3488.27 ;
-102.17 -95.4993 -4572.2 -136.444 -55.6928 -28.9939 -47.4067 166.813 11664.7 114.805 4.13886 -12.6349 -146.444 -33.0027 ;
-8.77647 -9.86168 -445.549 -14.2966 -4.29051 -0.974317 -6.49646 10.2392 1099.34 4.13886 9.59711 -0.820641 -12.8864 -2.6404 ;
-77.4168 -24.2025 -1294.88 -103.782 -48.5397 -18.1175 -33.704 -18.476 -1337.75 -12.6349 -0.820641 100.7 1177.72 271.954 ;
-890.355 -480.374 -25037 -1203.18 -556.973 -202.936 -421.828 -322.318 -24590.8 -146.444 -12.8864 1177.72 25041.4 3152.71 ;
-212.988 -59.3204 -3504.26 -302.774 -221.431 -48.9673 -101.531 -39.6124 -3488.27 -33.0027 -2.6404 271.954 3152.71 1088.32 ;
]
+++++++++++++
Iter 5

Size = 14
Data size = 105
[ 275.851 200.186 9785.73 379.183 146.554 51.813 138.672 -303.158 -21952 -110.966 -10.3685 -60.0831 -523.542 -171.891 ;
200.186 483.264 17897.5 262.17 93.702 33.7041 93.9041 -688.606 -34497.7 -91.9285 -10.1157 -14.8126 -219.886 -37.9253 ;
9785.73 17897.5 808125 13504.3 5001.39 1669.41 5063.94 -26063.5 -1.5541e+006 -4541.59 -488.64 -796.857 -11640.2 -2248.06 ;
379.183 262.17 13504.3 634.496 206.093 76.5181 202.666 -413.029 -30394 -150.698 -18.3518 -82.8687 -721.465 -250.777 ;
146.554 93.702 5001.39 206.093 306.731 36.7274 82.5245 -134.902 -11042 -57.8799 -5.2809 -38.2762 -324.191 -177.573 ;
51.813 33.7041 1669.41 76.5181 36.7274 51.813 25.6714 -56.5705 -3895.38 -29.2494 -1.237 -12.9968 -108.378 -37.0078 ;
138.672 93.9041 5063.94 202.666 82.5245 25.6714 138.672 -138.176 -11637.9 -54.6355 -7.71408 -26.794 -259.529 -83.1098 ;
-303.158 -688.606 -26063.5 -413.029 -134.902 -56.5705 -138.176 1507.94 54368.4 166.302 16.1021 -18.1473 -213.147 -40.5609 ;
-21952 -34497.7 -1.5541e+006 -30394 -11042 -3895.38 -11637.9 54368.4 3.67956e+006 11750.7 1189.57 -1318.77 -16620.7 -3586.73 ;
-110.966 -91.9285 -4541.59 -150.698 -57.8799 -29.2494 -54.6355 166.302 11750.7 127.032 5.08653 -16.0653 -139.923 -44.8657 ;
-10.3685 -10.1157 -488.64 -18.3518 -5.2809 -1.237 -7.71408 16.1021 1189.57 5.08653 11.5809 -1.21245 -13.573 -4.01732 ;
-60.0831 -14.8126 -796.857 -82.8687 -38.2762 -12.9968 -26.794 -18.1473 -1318.77 -16.0653 -1.21245 88.9022 771.096 247.532 ;
-523.542 -219.886 -11640.2 -721.465 -324.191 -108.378 -259.529 -213.147 -16620.7 -139.923 -13.573 771.096 11887 2137.12 ;
-171.891 -37.9253 -2248.06 -250.777 -177.573 -37.0078 -83.1098 -40.5609 -3586.73 -44.8657 -4.01732 247.532 2137.12 1002.77 ;
]
+++++++++++++
Iter 6

Size = 14
Data size = 105
[ 264.066 189.594 9293.22 358.416 145.061 47.4547 133.283 -288.547 -21054.2 -105.114 -10.2012 -58.2771 -409.645 -185.082 ;
189.594 450.52 16793 246.206 90.3053 30.3796 89.4084 -652.586 -32707 -88.1194 -10.0046 -11.5534 -137.307 -34.2436 ;
9293.22 16793 762340 12720.1 4846.8 1513.51 4829.97 -24988 -1.48136e+006 -4351.14 -485.98 -643.252 -7631.77 -2081.33 ;
358.416 246.206 12720.1 591.313 203.593 69.2197 191.985 -385.884 -28766.9 -140.015 -17.8058 -80.9138 -562.257 -271.62 ;
145.061 90.3053 4846.8 203.593 308.087 36.1169 80.2125 -129.579 -10634.7 -53.6274 -5.26393 -43.7191 -311.333 -210.103 ;
47.4547 30.3796 1513.51 69.2197 36.1169 47.4547 23.6147 -50.4312 -3521.41 -26.1664 -1.21754 -12.6358 -83.825 -42.1738 ;
133.283 89.4084 4829.97 191.985 80.2125 23.6147 133.283 -131.179 -11212.7 -52.2698 -7.61439 -25.6346 -203.087 -86.1142 ;
-288.547 -652.586 -24988 -385.884 -129.579 -50.4312 -131.179 1417.37 51374.9 156.304 16.1334 -13.5071 -127.391 -33.6846 ;
-21054.2 -32707 -1.48136e+006 -28766.9 -10634.7 -3521.41 -11212.7 51374.9 3.49084e+006 11069.2 1164.28 -1007.12 -10474.8 -3090.68 ;
-105.114 -88.1194 -4351.14 -140.015 -53.6274 -26.1664 -52.2698 156.304 11069.2 118.892 4.93053 -13.7776 -104.219 -42.5646 ;
-10.2012 -10.0046 -485.98 -17.8058 -5.26393 -1.21754 -7.61439 16.1334 1164.28 4.93053 11.2306 -1.02939 -9.59283 -3.46121 ;
-58.2771 -11.5534 -643.252 -80.9138 -43.7191 -12.6358 -25.6346 -13.5071 -1007.12 -13.7776 -1.02939 82.7628 585.207 255.643 ;
-409.645 -137.307 -7631.77 -562.257 -311.333 -83.825 -203.087 -127.391 -10474.8 -104.219 -9.59283 585.207 7330.78 1862.85 ;
-185.082 -34.2436 -2081.33 -271.62 -210.103 -42.1738 -86.1142 -33.6846 -3090.68 -42.5646 -3.46121 255.643 1862.85 1093.93 ;
]
+++++++++++++
Iter 7

Size = 14
Data size = 105
[ 246.759 180.097 8748.04 326.511 135.623 39.6537 120.801 -272.815 -19861.8 -99.1511 -7.89431 -50.8263 -352.071 -164.901 ;
180.097 454.1 16510.9 228.457 86.1527 27.6132 82.3155 -637.508 -31941.7 -84.969 -6.91496 -9.91766 -116.236 -30.0857 ;
8748.04 16510.9 733563 11675.3 4594.91 1353.38 4436.34 -23630.7 -1.42036e+006 -4130.04 -339.671 -555.259 -6522.51 -1842.01 ;
326.511 228.457 11675.3 522.485 183.957 54.9014 168.366 -351.165 -26347.4 -128.52 -15.9504 -68.3471 -464.286 -233.729 ;
135.623 86.1527 4594.91 183.957 291.148 30.6426 72.1731 -121.96 -10113.1 -51.4605 -5.13659 -39.3477 -279.164 -191.318 ;
39.6537 27.6132 1353.38 54.9014 30.6426 39.6537 19.0822 -42.4394 -3022.97 -22.4108 -1.36034 -9.81677 -63.1747 -33.7102 ;
120.801 82.3155 4436.34 168.366 72.1731 19.0822 120.801 -118.737 -10197.8 -48.0189 -5.1607 -21.79 -167.817 -74.8119 ;
-272.815 -637.508 -23630.7 -351.165 -121.96 -42.4394 -118.737 1321.75 48622.7 147.032 12.3459 -12.7403 -117.207 -31.5703 ;
-19861.8 -31941.7 -1.42036e+006 -26347.4 -10113.1 -3022.97 -10197.8 48622.7 3.34275e+006 10362.8 957.536 -927.469 -9512.62 -2895.58 ;
-99.1511 -84.969 -4130.04 -128.52 -51.4605 -22.4108 -48.0189 147.032 10362.8 111.811 3.76112 -12.6599 -95.1555 -39.3141 ;
-7.89431 -6.91496 -339.671 -15.9504 -5.13659 -1.36034 -5.1607 12.3459 957.536 3.76112 8.42489 -0.530582 -4.66548 -2.04314 ;
-50.8263 -9.91766 -555.259 -68.3471 -39.3477 -9.81677 -21.79 -12.7403 -927.469 -12.6599 -0.530582 73.699 512.641 231.204 ;
-352.071 -116.236 -6522.51 -464.286 -279.164 -63.1747 -167.817 -117.207 -9512.62 -95.1555 -4.66548 512.641 6371.99 1667.12 ;
-164.901 -30.0857 -1842.01 -233.729 -191.318 -33.7102 -74.8119 -31.5703 -2895.58 -39.3141 -2.04314 231.204 1667.12 1002.76 ;
]
+++++++++++++
Iter 8

Size = 14
Data size = 105
[ 243.183 176.856 8592.59 320.688 133.135 38.4002 119.592 -266.9 -19505.2 -97.6051 -7.90888 -50.1994 -346.34 -162.536 ;
176.856 445.985 16177.5 224.071 84.7659 26.6874 80.9034 -629.081 -31289.2 -83.6331 -7.03463 -9.79721 -114.546 -29.6286 ;
8592.59 16177.5 718330 11462.9 4506.6 1310 4364.78 -23352 -1.39164e+006 -4056.04 -345.07 -546.991 -6409.27 -1810.44 ;
320.688 224.071 11462.9 511.381 179.803 52.8558 166.314 -342.471 -25840 -126.146 -15.9695 -67.0766 -453.966 -229.03 ;
133.135 84.7659 4506.6 179.803 285.626 29.4377 71.2495 -119.44 -9912.61 -50.3956 -5.10311 -38.6101 -272.727 -187.857 ;
38.4002 26.6874 1310 52.8558 29.4377 38.4002 18.6558 -40.6532 -2920.34 -21.6963 -1.3446 -9.50731 -61.0697 -32.5496 ;
119.592 80.9034 4364.78 166.314 71.2495 18.6558 119.592 -116.458 -10052.8 -47.505 -5.15987 -21.6385 -165.936 -74.167 ;
-266.9 -629.081 -23352 -342.471 -119.44 -40.6532 -116.458 1297.35 47635.6 144.555 12.8781 -12.2698 -112.804 -30.292 ;
-19505.2 -31289.2 -1.39164e+006 -25840 -9912.61 -2920.34 -10052.8 47635.6 3.27571e+006 10167.3 961.326 -899 -9224.59 -2799.6 ;
-97.6051 -83.6331 -4056.04 -126.146 -50.3956 -21.6963 -47.505 144.555 10167.3 109.888 3.76902 -12.2826 -92.5074 -38.0822 ;
-7.90888 -7.03463 -345.07 -15.9695 -5.10311 -1.3446 -5.15987 12.8781 961.326 3.76902 8.42253 -0.513644 -4.50771 -1.96771 ;
-50.1994 -9.79721 -546.991 -67.0766 -38.6101 -9.50731 -21.6385 -12.2698 -899 -12.2826 -0.513644 72.4008 502.277 226.71 ;
-346.34 -114.546 -6409.27 -453.966 -272.727 -61.0697 -165.936 -112.804 -9224.59 -92.5074 -4.50771 502.277 6231.35 1629.37 ;
-162.536 -29.6286 -1810.44 -229.03 -187.857 -32.5496 -74.167 -30.292 -2799.6 -38.0822 -1.96771 226.71 1629.37 983.066 ;
]
+++++++++++++
Iter 9

Size = 14
Data size = 105
[ 239.599 173.14 8440.25 314.942 131.422 37.3842 118.27 -260.752 -19141.4 -96.157 -6.94264 -49.6985 -341.93 -161.61 ;
173.14 426.091 15660.8 218.775 82.6862 26.044 79.9293 -597.197 -30464.8 -81.293 -6.01884 -9.66915 -112.619 -29.4474 ;
8440.25 15660.8 700774 11208.4 4431.13 1279.21 4317.56 -22320.2 -1.36123e+006 -3975.8 -297.552 -540.526 -6310.51 -1801 ;
314.942 218.775 11208.4 500.684 176.837 51.2213 164.207 -333.113 -25234.3 -123.817 -14.3552 -66.3348 -447.296 -227.409 ;
131.422 82.6862 4431.13 176.837 282.605 28.9139 70.6218 -116.185 -9729.55 -49.7876 -4.7238 -38.4932 -271.792 -187.533 ;
37.3842 26.044 1279.21 51.2213 28.9139 37.3842 18.4552 -39.3439 -2835.26 -21.129 -1.29382 -9.28924 -59.2919 -32.0742 ;
118.27 79.9293 4317.56 164.207 70.6218 18.4552 118.27 -115.26 -9928.14 -46.9858 -4.3507 -21.5348 -165.271 -74.0069 ;
-260.752 -597.197 -22320.2 -333.113 -116.185 -39.3439 -115.26 1233.34 46089.2 140.293 10.8804 -12.3575 -113.047 -30.6177 ;
-19141.4 -30464.8 -1.36123e+006 -25234.3 -9729.55 -2835.26 -9928.14 46089.2 3.2095e+006 9985.86 861.774 -902.847 -9223.12 -2823.11 ;
-96.157 -81.293 -3975.8 -123.817 -49.7876 -21.129 -46.9858 140.293 9985.86 108.51 3.30583 -12.353 -93.0734 -38.5154 ;
-6.94264 -6.01884 -297.552 -14.3552 -4.7238 -1.29382 -4.3507 10.8804 861.774 3.30583 7.37906 -0.436414 -3.7914 -1.71774 ;
-49.6985 -9.66915 -540.526 -66.3348 -38.4932 -9.28924 -21.5348 -12.3575 -902.847 -12.353 -0.436414 72.043 498.357 226.388 ;
-341.93 -112.619 -6310.51 -447.296 -271.792 -59.2919 -165.271 -113.047 -9223.12 -93.0734 -3.7914 498.357 6158.59 1626.72 ;
-161.61 -29.4474 -1801 -227.409 -187.533 -32.0742 -74.0069 -30.6177 -2823.11 -38.5154 -1.71774 226.388 1626.72 983.231 ;
]
+++++++++++++
Iter 10

Size = 14
Data size = 105
[ 239.694 173.476 8446.39 314.992 131.403 37.611 118.366 -261.314 -19158 -96.1281 -6.91449 -49.7149 -341.733 -161.496 ;
173.476 429.35 15708.6 219.011 82.9036 26.2012 79.9954 -599.957 -30559.8 -81.5015 -5.9349 -9.66483 -112.426 -29.3954 ;
8446.39 15708.6 700881 11211.3 4432.66 1285.75 4320.54 -22322.5 -1.36263e+006 -3976.25 -293.295 -540.361 -6301.79 -1798.23 ;
314.992 219.011 11211.3 500.578 176.774 51.5411 164.365 -333.527 -25247.1 -123.738 -14.31 -66.3327 -446.872 -227.163 ;
131.403 82.9036 4432.66 176.774 282.507 29.0159 70.6591 -116.626 -9734.53 -49.7562 -4.71529 -38.4554 -271.159 -187.301 ;
37.611 26.2012 1285.75 51.5411 29.0159 37.611 18.5695 -39.7379 -2853.23 -21.2129 -1.28816 -9.34952 -59.7112 -32.2064 ;
118.366 79.9954 4320.54 164.365 70.6591 18.5695 118.366 -115.592 -9940.19 -46.9954 -4.33095 -21.5485 -165.291 -73.9994 ;
-261.314 -599.957 -22322.5 -333.527 -116.626 -39.7379 -115.592 1234.07 46179.7 140.458 10.614 -12.3864 -113.171 -30.6189 ;
-19158 -30559.8 -1.36263e+006 -25247.1 -9734.53 -2853.23 -9940.19 46179.7 3.21354e+006 9988.9 855.946 -904.045 -9227.43 -2821.55 ;
-96.1281 -81.5015 -3976.25 -123.738 -49.7562 -21.2129 -46.9954 140.458 9988.9 108.489 3.29036 -12.3609 -93.1153 -38.468 ;
-6.91449 -5.9349 -293.295 -14.31 -4.71529 -1.28816 -4.33095 10.614 855.946 3.29036 7.34828 -0.433794 -3.75915 -1.70675 ;
-49.7149 -9.66483 -540.361 -66.3327 -38.4554 -9.34952 -21.5485 -12.3864 -904.045 -12.3609 -0.433794 72.0919 498.272 226.243 ;
-341.733 -112.426 -6301.79 -446.872 -271.159 -59.7112 -165.291 -113.171 -9227.43 -93.1153 -3.75915 498.272 6151.01 1623.95 ;
-161.496 -29.3954 -1798.23 -227.163 -187.301 -32.2064 -73.9994 -30.6189 -2821.55 -38.468 -1.70675 226.243 1623.95 982.065 ;
]
+++++++++++++
Iter 11

Size = 14
Data size = 105
[ 239.447 173.178 8433.34 314.517 131.297 37.6139 118.158 -260.793 -19128.2 -96.0115 -6.83422 -49.736 -341.643 -161.569 ;
173.178 428.004 15669.3 218.554 82.7381 26.171 79.8445 -597.882 -30496.2 -81.3462 -5.85717 -9.66383 -112.332 -29.3944 ;
8433.34 15669.3 699384 11188.3 4425.62 1284.66 4312.37 -22251.6 -1.36011e+006 -3970 -289.606 -540.278 -6296.26 -1798.19 ;
314.517 218.554 11188.3 499.524 176.557 51.5278 163.957 -332.634 -25192.7 -123.533 -14.1722 -66.3415 -446.532 -227.207 ;
131.297 82.7381 4425.62 176.557 282.363 29.0366 70.5231 -116.365 -9720 -49.7155 -4.69234 -38.4829 -271.223 -187.429 ;
37.6139 26.171 1284.66 51.5278 29.0366 37.6139 18.5388 -39.7003 -2851.42 -21.2015 -1.28391 -9.364 -59.7586 -32.2565 ;
118.158 79.8445 4312.37 163.957 70.5231 18.5388 118.158 -115.284 -9917.77 -46.9095 -4.2673 -21.5436 -165.114 -73.9883 ;
-260.793 -597.882 -22251.6 -332.634 -116.365 -39.7003 -115.284 1229.28 46064.2 140.175 10.4675 -12.382 -113.006 -30.5877 ;
-19128.2 -30496.2 -1.36011e+006 -25192.7 -9720 -2851.42 -9917.77 46064.2 3.20868e+006 9975.52 848.521 -903.238 -9210.59 -2818.54 ;
-96.0115 -81.3462 -3970 -123.533 -49.7155 -21.2015 -46.9095 140.175 9975.52 108.37 3.25331 -12.3584 -93.0395 -38.4405 ;
-6.83422 -5.85717 -289.606 -14.1722 -4.69234 -1.28391 -4.2673 10.4675 848.521 3.25331 7.26006 -0.425844 -3.68485 -1.67924 ;
-49.736 -9.66383 -540.278 -66.3415 -38.4829 -9.364 -21.5436 -12.382 -903.238 -12.3584 -0.425844 72.1064 498.003 226.27 ;
-341.643 -112.332 -6296.26 -446.532 -271.223 -59.7586 -165.114 -113.006 -9210.59 -93.0395 -3.68485 498.003 6142.9 1623.14 ;
-161.569 -29.3944 -1798.19 -227.207 -187.429 -32.2565 -73.9883 -30.5877 -2818.54 -38.4405 -1.67924 226.27 1623.14 982.179 ;
]
+++++++++++++
Iter 12

Size = 14
Data size = 105
[ 239.446 173.164 8433.09 314.521 131.299 37.6138 118.163 -260.774 -19127.5 -96.0068 -6.83303 -49.7379 -341.664 -161.577 ;
173.164 427.852 15666.5 218.544 82.7278 26.1676 79.8456 -597.735 -30491.6 -81.3334 -5.85756 -9.66449 -112.343 -29.3964 ;
8433.09 15666.5 699344 11188.1 4425.46 1284.56 4312.48 -22249.7 -1.36002e+006 -3969.74 -289.637 -540.31 -6296.74 -1798.31 ;
314.521 218.544 11188.1 499.546 176.564 51.53 163.968 -332.624 -25192.5 -123.527 -14.1702 -66.3449 -446.567 -227.219 ;
131.299 82.7278 4425.46 176.564 282.367 29.0389 70.528 -116.347 -9719.77 -49.7123 -4.69153 -38.4849 -271.241 -187.439 ;
37.6138 26.1676 1284.56 51.53 29.0389 37.6138 18.5406 -39.6952 -2851.25 -21.2003 -1.28388 -9.3647 -59.7648 -32.2594 ;
118.163 79.8456 4312.48 163.968 70.528 18.5406 118.163 -115.286 -9918.06 -46.9097 -4.26602 -21.5454 -165.135 -73.9946 ;
-260.774 -597.735 -22249.7 -332.624 -116.347 -39.6952 -115.286 1229.18 46059.5 140.154 10.4718 -12.38 -112.992 -30.5844 ;
-19127.5 -30491.6 -1.36002e+006 -25192.5 -9719.77 -2851.25 -9918.06 46059.5 3.20849e+006 9974.74 848.487 -903.141 -9209.74 -2818.32 ;
-96.0068 -81.3334 -3969.74 -123.527 -49.7123 -21.2003 -46.9097 140.154 9974.74 108.363 3.2531 -12.3565 -93.0271 -38.436 ;
-6.83303 -5.85756 -289.637 -14.1702 -4.69153 -1.28388 -4.26602 10.4718 848.487 3.2531 7.25888 -0.425847 -3.68487 -1.67934 ;
-49.7379 -9.66449 -540.31 -66.3449 -38.4849 -9.3647 -21.5454 -12.38 -903.141 -12.3565 -0.425847 72.1057 498.007 226.272 ;
-341.664 -112.343 -6296.74 -446.567 -271.241 -59.7648 -165.135 -112.992 -9209.74 -93.0271 -3.68487 498.007 6143.07 1623.18 ;
-161.577 -29.3964 -1798.31 -227.219 -187.439 -32.2594 -73.9946 -30.5844 -2818.32 -38.436 -1.67934 226.272 1623.18 982.196 ;
]
+++++++++++++
Iter 13

Size = 14
Data size = 105
[ 239.445 173.164 8433.06 314.518 131.298 37.6132 118.162 -260.772 -19127.4 -96.0058 -6.83222 -49.7383 -341.664 -161.577 ;
173.164 427.863 15666.6 218.543 82.7284 26.1676 79.845 -597.738 -30491.8 -81.3338 -5.85658 -9.66451 -112.342 -29.3963 ;
8433.06 15666.6 699339 11188 4425.46 1284.55 4312.45 -22249.3 -1.36002e+006 -3969.72 -289.589 -540.311 -6296.72 -1798.3 ;
314.518 218.543 11188 499.541 176.562 51.5291 163.967 -332.62 -25192.3 -123.526 -14.1687 -66.3452 -446.566 -227.22 ;
131.298 82.7284 4425.46 176.562 282.366 29.0386 70.5273 -116.348 -9719.77 -49.7121 -4.69125 -38.4849 -271.24 -187.439 ;
37.6132 26.1676 1284.55 51.5291 29.0386 37.6132 18.5403 -39.6947 -2851.21 -21.1998 -1.28385 -9.36468 -59.7641 -32.2592 ;
118.162 79.845 4312.45 163.967 70.5273 18.5403 118.162 -115.285 -9917.97 -46.9091 -4.26539 -21.5455 -165.134 -73.9947 ;
-260.772 -597.738 -22249.3 -332.62 -116.348 -39.6947 -115.285 1229.15 46059.2 140.153 10.4695 -12.3799 -112.991 -30.584 ;
-19127.4 -30491.8 -1.36002e+006 -25192.3 -9719.77 -2851.21 -9917.97 46059.2 3.20849e+006 9974.68 848.401 -903.133 -9209.61 -2818.28 ;
-96.0058 -81.3338 -3969.72 -123.526 -49.7121 -21.1998 -46.9091 140.153 9974.68 108.362 3.25272 -12.3564 -93.0263 -38.4355 ;
-6.83222 -5.85658 -289.589 -14.1687 -4.69125 -1.28385 -4.26539 10.4695 848.401 3.25272 7.258 -0.425779 -3.68422 -1.67911 ;
-49.7383 -9.66451 -540.311 -66.3452 -38.4849 -9.36468 -21.5455 -12.3799 -903.133 -12.3564 -0.425779 72.1059 498.006 226.271 ;
-341.664 -112.342 -6296.72 -446.566 -271.24 -59.7641 -165.134 -112.991 -9209.61 -93.0263 -3.68422 498.006 6143.01 1623.16 ;
-161.577 -29.3963 -1798.3 -227.22 -187.439 -32.2592 -73.9947 -30.584 -2818.28 -38.4355 -1.67911 226.271 1623.16 982.193 ;
]
+++++++++++++
