<!DOCTYPE HTML PUBLIC "-//W3C//DTD HTML 4.01 Transitional//EN">

<html>
<head>
<script src="http://transp-or.epfl.ch/biogeme/sorttable.js"></script>
<meta http-equiv='Content-Type' content='text/html; charset=utf-8' />
<title>simul_Model_4_increase.html - Report from biogeme 2.6a [Sun Aug 26 15:54:37 BST 2018]</title>
<meta name="keywords" content="biogeme, discrete choice, random utility">
<meta name="description" content="Report from biogeme 2.6a [Sun Aug 26 15:54:37 BST 2018]">
<meta name="author" content="Michel Bierlaire">
<style type=text/css>
<!--table
.biostyle
	{font-size:10.0pt;
	font-weight:400;
	font-style:normal;
	font-family:Courier;}
.boundstyle
	{font-size:10.0pt;
	font-weight:400;
	font-style:normal;
	font-family:Courier;
        color:red}
-->
</style>
</head>

<body bgcolor="#ffffff">
<p>biogeme 2.6a [Sun Aug 26 15:54:37 BST 2018]</p>
<p>Home page: <a href='http://biogeme.epfl.ch' target='_blank'>http://biogeme.epfl.ch</a></p>
<p>Submit questions to <a href='https://groups.google.com/d/forum/biogeme' target='_blank'>https://groups.google.com/d/forum/biogeme</a></p>
<p><a href='http://people.epfl.ch/michel.bierlaire'>Michel Bierlaire</a>, <a href='http://transp-or.epfl.ch'>Transport and Mobility Laboratory</a>, <a href='http://www.epfl.ch'>Ecole Polytechnique F&eacute;d&eacute;rale de Lausanne (EPFL)</a></p>
<p>This file has automatically been generated on
Thu Dec 13 17:03:59 2018</p>
<p>If you drag this HTML file into the Calc application of <a href='http://www.openoffice.org/' target='_blank'>OpenOffice</a>, or the spreadsheet of <a href='https://www.libreoffice.org/' target='_blank'>LibreOffice</a>, you will be able to perform additional calculations.</p><table><tr class=biostyle><td align=right><strong>Report file</strong>:	</td><td>simul_Model_4_increase.html</td></tr><tr class=biostyle><td align=right><strong>Sample file</strong>:	</td><td>__bin_optimaDataset_6.dat</td></tr></table><h1>Formulas</h1>
<table border="0">
<tr class=biostyle><td align=right><strong><em>Car utility:</em></strong>	</td><td><em>ASC_CAR * one + BETA_COST_SHARE_CAR * CostCarShare_norm_increased + ( BETA_TIME_CAR * ( ( TimeCar ^ LAMBDA_TIME_CAR ) - ( 1 ) ) ) / LAMBDA_TIME_CAR + BETA_NbCar * NbCars + BETA_NbChild * NbChildren + BETA_LANGUAGE * FrenchRegion + BETA_WorkTrip * WORK</em></td></tr><tr class=biostyle><td align=right><strong><em>PT utility:</em></strong>	</td><td><em>BETA_COST_SHARE_PT * CostPTShare_norm + ( BETA_TIME_PT * ( ( TimePT ^ LAMBDA_TIME_PT ) - ( 1 ) ) ) / LAMBDA_TIME_PT + BETA_Urban * URBAN + BETA_Student * STUDENT</em></td></tr><tr class=biostyle><td align=right><strong><em>SM utility:</em></strong>	</td><td><em>ASC_SM * one + ( ASC_DIST + BETA_DIST_YOUNG * AgeYoung + BETA_DIST_ADULT * AgeAdult + BETA_DIST_OLD * AgeOld ) * distance_km + BETA_Nbikes * NbBikes</em></td></tr></table>
<h1>Statistics</h1>
<table border="0">
<tr class=biostyle><td align=right><strong><em>Alt. 0 available:</em></strong>	</td><td><em>1524</em></td></tr><tr class=biostyle><td align=right><strong><em>Alt. 0 chosen:</em></strong>	</td><td><em>418</em></td></tr><tr class=biostyle><td align=right><strong><em>Alt. 1 available:</em></strong>	</td><td><em>1524</em></td></tr><tr class=biostyle><td align=right><strong><em>Alt. 1 chosen:</em></strong>	</td><td><em>1013</em></td></tr><tr class=biostyle><td align=right><strong><em>Alt. 2 available:</em></strong>	</td><td><em>1524</em></td></tr><tr class=biostyle><td align=right><strong><em>Alt. 2 chosen:</em></strong>	</td><td><em>93</em></td></tr><tr class=biostyle><td align=right><strong><em>Cte loglikelihood (only for full choice sets):</em></strong>	</td><td><em>-1214.54</em></td></tr><tr class=biostyle><td align=right><strong><em>Null loglikelihood:</em></strong>	</td><td><em>-1674.29</em></td></tr></table>
<h1>Simulation report</h1>

<p>Number of draws for Monte-Carlo: 1000</p>
<p>Type of draws: MLHS</p>
<h2>Aggregate values</h2><table border='1'>
<tr><th></th><th>01 Prob CAR</th><th>02 Prob PT</th><th>03 Prob SM</th><th>__weight</th></tr><tr><th>Total</th><td>1003.6</td><td>426.891</td><td>93.5065</td><td>1524</td></tr><tr><th>Weighted total</th><td>958.833</td><td>474.353</td><td>90.813</td><td>3758.52</td></tr><tr><th>Average</th><td>0.658532</td><td>0.280112</td><td>0.061356</td><td>1</td></tr><tr><th>Weighted average</th><td>0.629156</td><td>0.311255</td><td>0.0595886</td><td>2.46622</td></tr><tr><th>Non zeros</th><td>1524</td><td>1524</td><td>1524</td><td>1524</td></tr><tr><th>Non zeros average</th><td>0.658532</td><td>0.280112</td><td>0.061356</td><td>1</td></tr><tr><th>Weighted non zeros average</th><td>0.629156</td><td>0.311255</td><td>0.0595886</td><td>2.46622</td></tr><tr><th>Minimum</th><td>5.31284e-05</td><td>0.000182993</td><td>8.96841e-74</td><td>0.190419</td></tr><tr><th>Maximum</th><td>0.998669</td><td>0.999947</td><td>0.72567</td><td>18.702</td></tr></table><h2>Detailed records</h2><table border='1'>
<tr><th>Row</th><th>01 Prob CAR</th><th>02 Prob PT</th><th>03 Prob SM</th><th>__weight</th></tr><tr><td>1</td><td>0.947757</td><td>0.0379498</td><td>0.0142937</td><td>0.935106</td></tr><tr><td>2</td><td>0.882653</td><td>0.116758</td><td>0.000589074</td><td>0.395506</td></tr><tr><td>3</td><td>0.599445</td><td>0.307511</td><td>0.0930442</td><td>2.1488</td></tr><tr><td>4</td><td>0.258648</td><td>0.741351</td><td>1.17625e-07</td><td>11.7966</td></tr><tr><td>5</td><td>0.614458</td><td>0.217371</td><td>0.168172</td><td>0.90884</td></tr><tr><td>6</td><td>0.465387</td><td>0.529389</td><td>0.00522369</td><td>1.01042</td></tr><tr><td>7</td><td>0.950777</td><td>0.04584</td><td>0.00338323</td><td>1.01042</td></tr><tr><td>8</td><td>0.584282</td><td>0.396694</td><td>0.0190239</td><td>0.841094</td></tr><tr><td>9</td><td>0.542008</td><td>0.10352</td><td>0.354472</td><td>0.637262</td></tr><tr><td>10</td><td>0.578203</td><td>0.410422</td><td>0.0113751</td><td>0.793536</td></tr><tr><td>11</td><td>0.376732</td><td>0.621025</td><td>0.00224351</td><td>2.1488</td></tr><tr><td>12</td><td>0.712622</td><td>0.287239</td><td>0.000139277</td><td>0.31061</td></tr><tr><td>13</td><td>0.983958</td><td>0.00495888</td><td>0.0110827</td><td>0.793536</td></tr><tr><td>14</td><td>0.832494</td><td>0.16746</td><td>4.61018e-05</td><td>0.793536</td></tr><tr><td>15</td><td>0.00854344</td><td>0.991457</td><td>9.59533e-24</td><td>0.573194</td></tr><tr><td>16</td><td>0.761899</td><td>0.2381</td><td>7.36098e-07</td><td>0.242531</td></tr><tr><td>17</td><td>0.887907</td><td>0.030494</td><td>0.0815988</td><td>0.90884</td></tr><tr><td>18</td><td>0.699413</td><td>0.163021</td><td>0.137566</td><td>1.01042</td></tr><tr><td>19</td><td>0.259049</td><td>0.740951</td><td>9.95648e-18</td><td>1.01042</td></tr><tr><td>20</td><td>0.451372</td><td>0.548626</td><td>1.36866e-06</td><td>1.01042</td></tr><tr><td>21</td><td>0.507958</td><td>0.462466</td><td>0.0295751</td><td>2.38897</td></tr><tr><td>22</td><td>0.545486</td><td>0.429078</td><td>0.0254363</td><td>0.793536</td></tr><tr><td>23</td><td>0.972914</td><td>0.0270175</td><td>6.85505e-05</td><td>2.1488</td></tr><tr><td>24</td><td>0.132225</td><td>0.867775</td><td>2.4023e-07</td><td>0.637262</td></tr><tr><td>25</td><td>0.696651</td><td>0.274571</td><td>0.0287782</td><td>0.90884</td></tr><tr><td>26</td><td>0.895343</td><td>0.0549684</td><td>0.0496891</td><td>3.63582</td></tr><tr><td>27</td><td>0.668175</td><td>0.33078</td><td>0.00104548</td><td>0.269531</td></tr><tr><td>28</td><td>0.91518</td><td>0.0848197</td><td>1.00363e-07</td><td>1.01042</td></tr><tr><td>29</td><td>0.854838</td><td>0.0667689</td><td>0.0783929</td><td>0.637262</td></tr><tr><td>30</td><td>0.686788</td><td>0.291591</td><td>0.0216208</td><td>0.269531</td></tr><tr><td>31</td><td>0.566331</td><td>0.433564</td><td>0.000104374</td><td>2.38897</td></tr><tr><td>32</td><td>0.684909</td><td>0.0602533</td><td>0.254838</td><td>0.90884</td></tr><tr><td>33</td><td>0.985333</td><td>0.0141216</td><td>0.000545343</td><td>0.242531</td></tr><tr><td>34</td><td>0.783254</td><td>0.216737</td><td>8.87678e-06</td><td>0.211659</td></tr><tr><td>35</td><td>0.429128</td><td>0.570872</td><td>1.14096e-19</td><td>0.395506</td></tr><tr><td>36</td><td>0.451849</td><td>0.467261</td><td>0.0808903</td><td>0.90884</td></tr><tr><td>37</td><td>0.590722</td><td>0.409274</td><td>3.61718e-06</td><td>1.01042</td></tr><tr><td>38</td><td>0.990162</td><td>0.00983725</td><td>3.64374e-07</td><td>0.395506</td></tr><tr><td>39</td><td>0.445726</td><td>0.482764</td><td>0.0715099</td><td>2.1488</td></tr><tr><td>40</td><td>0.738069</td><td>0.208506</td><td>0.0534245</td><td>18.702</td></tr><tr><td>41</td><td>0.380544</td><td>0.565731</td><td>0.0537244</td><td>1.01042</td></tr><tr><td>42</td><td>0.876772</td><td>0.0468164</td><td>0.0764121</td><td>0.90884</td></tr><tr><td>43</td><td>0.523371</td><td>0.188122</td><td>0.288507</td><td>1.01042</td></tr><tr><td>44</td><td>0.716144</td><td>0.283854</td><td>1.99372e-06</td><td>0.395506</td></tr><tr><td>45</td><td>0.690376</td><td>0.309609</td><td>1.58455e-05</td><td>2.38897</td></tr><tr><td>46</td><td>0.470527</td><td>0.364033</td><td>0.16544</td><td>0.269531</td></tr><tr><td>47</td><td>0.759922</td><td>0.217221</td><td>0.0228576</td><td>2.1488</td></tr><tr><td>48</td><td>0.346844</td><td>0.400295</td><td>0.252861</td><td>0.90884</td></tr><tr><td>49</td><td>0.925328</td><td>0.0746704</td><td>1.31081e-06</td><td>0.269531</td></tr><tr><td>50</td><td>0.925179</td><td>0.0729721</td><td>0.00184911</td><td>0.242531</td></tr><tr><td>51</td><td>0.917087</td><td>0.0827285</td><td>0.000184168</td><td>1.01042</td></tr><tr><td>52</td><td>0.67762</td><td>0.315118</td><td>0.00726258</td><td>0.395506</td></tr><tr><td>53</td><td>0.898869</td><td>0.101131</td><td>2.41675e-15</td><td>0.793536</td></tr><tr><td>54</td><td>0.406757</td><td>0.279085</td><td>0.314158</td><td>0.573194</td></tr><tr><td>55</td><td>0.68193</td><td>0.0217226</td><td>0.296347</td><td>1.01042</td></tr><tr><td>56</td><td>0.610795</td><td>0.353481</td><td>0.0357242</td><td>1.01042</td></tr><tr><td>57</td><td>0.460383</td><td>0.167557</td><td>0.37206</td><td>0.395506</td></tr><tr><td>58</td><td>0.799042</td><td>0.160638</td><td>0.0403199</td><td>0.90884</td></tr><tr><td>59</td><td>0.760388</td><td>0.111834</td><td>0.127778</td><td>0.355743</td></tr><tr><td>60</td><td>0.515503</td><td>0.438749</td><td>0.0457477</td><td>0.269531</td></tr><tr><td>61</td><td>0.883889</td><td>0.0724098</td><td>0.0437007</td><td>2.38897</td></tr><tr><td>62</td><td>0.473759</td><td>0.525966</td><td>0.000275608</td><td>0.793536</td></tr><tr><td>63</td><td>0.105978</td><td>0.894022</td><td>5.59349e-13</td><td>0.242531</td></tr><tr><td>64</td><td>0.0245987</td><td>0.974764</td><td>0.000637334</td><td>0.573194</td></tr><tr><td>65</td><td>0.694207</td><td>0.0548481</td><td>0.250944</td><td>0.242531</td></tr><tr><td>66</td><td>0.954582</td><td>0.0452714</td><td>0.000146893</td><td>0.242531</td></tr><tr><td>67</td><td>0.540121</td><td>0.174779</td><td>0.2851</td><td>0.637262</td></tr><tr><td>68</td><td>0.408678</td><td>0.590843</td><td>0.000478805</td><td>0.637262</td></tr><tr><td>69</td><td>0.641655</td><td>0.27715</td><td>0.0811949</td><td>0.269531</td></tr><tr><td>70</td><td>0.294285</td><td>0.705715</td><td>2.92175e-07</td><td>1.87327</td></tr><tr><td>71</td><td>0.0178108</td><td>0.982189</td><td>1.34422e-15</td><td>5.42226</td></tr><tr><td>72</td><td>0.684338</td><td>0.274649</td><td>0.0410126</td><td>0.573194</td></tr><tr><td>73</td><td>0.561678</td><td>0.21077</td><td>0.227551</td><td>0.211659</td></tr><tr><td>74</td><td>0.760063</td><td>0.239506</td><td>0.000431262</td><td>0.713758</td></tr><tr><td>75</td><td>0.618984</td><td>0.273493</td><td>0.107523</td><td>2.1488</td></tr><tr><td>76</td><td>0.91095</td><td>0.050059</td><td>0.0389915</td><td>0.90884</td></tr><tr><td>77</td><td>0.787498</td><td>0.121231</td><td>0.0912712</td><td>1.01042</td></tr><tr><td>78</td><td>0.768486</td><td>0.2283</td><td>0.00321428</td><td>0.269531</td></tr><tr><td>79</td><td>0.344162</td><td>0.173299</td><td>0.482539</td><td>0.269531</td></tr><tr><td>80</td><td>0.590504</td><td>0.23748</td><td>0.172016</td><td>1.01042</td></tr><tr><td>81</td><td>0.967099</td><td>0.0186409</td><td>0.0142605</td><td>1.01042</td></tr><tr><td>82</td><td>0.984745</td><td>0.0152546</td><td>3.59838e-08</td><td>0.90884</td></tr><tr><td>83</td><td>0.819042</td><td>0.172383</td><td>0.00857564</td><td>2.1488</td></tr><tr><td>84</td><td>0.971519</td><td>0.0186851</td><td>0.00979583</td><td>2.38897</td></tr><tr><td>85</td><td>0.0315643</td><td>0.961827</td><td>0.00660846</td><td>2.1488</td></tr><tr><td>86</td><td>0.798661</td><td>0.199995</td><td>0.0013449</td><td>0.269531</td></tr><tr><td>87</td><td>0.459214</td><td>0.537183</td><td>0.00360319</td><td>2.1488</td></tr><tr><td>88</td><td>0.32679</td><td>0.670575</td><td>0.00263514</td><td>0.242531</td></tr><tr><td>89</td><td>0.97719</td><td>0.0227786</td><td>3.09579e-05</td><td>0.573194</td></tr><tr><td>90</td><td>0.900109</td><td>0.0888099</td><td>0.0110809</td><td>1.35539</td></tr><tr><td>91</td><td>0.771614</td><td>0.228385</td><td>4.16197e-07</td><td>0.269531</td></tr><tr><td>92</td><td>0.456979</td><td>0.512418</td><td>0.0306025</td><td>0.90884</td></tr><tr><td>93</td><td>0.978387</td><td>0.0212216</td><td>0.000391431</td><td>0.90884</td></tr><tr><td>94</td><td>0.798138</td><td>0.142233</td><td>0.0596292</td><td>1.01042</td></tr><tr><td>95</td><td>0.856172</td><td>0.14213</td><td>0.00169838</td><td>0.637262</td></tr><tr><td>96</td><td>0.866911</td><td>0.0743466</td><td>0.0587427</td><td>0.90884</td></tr><tr><td>97</td><td>0.701734</td><td>0.181115</td><td>0.11715</td><td>1.01042</td></tr><tr><td>98</td><td>0.299174</td><td>0.700826</td><td>3.34123e-09</td><td>0.90884</td></tr><tr><td>99</td><td>0.712011</td><td>0.238037</td><td>0.049952</td><td>0.90884</td></tr><tr><td>100</td><td>0.801682</td><td>0.148061</td><td>0.0502566</td><td>3.63582</td></tr><tr><td>101</td><td>0.540917</td><td>0.459068</td><td>1.45218e-05</td><td>1.01042</td></tr><tr><td>102</td><td>0.793333</td><td>0.205148</td><td>0.00151901</td><td>0.90884</td></tr><tr><td>103</td><td>0.920818</td><td>0.0504293</td><td>0.0287526</td><td>1.01042</td></tr><tr><td>104</td><td>0.451273</td><td>0.397394</td><td>0.151334</td><td>0.269531</td></tr><tr><td>105</td><td>0.879875</td><td>0.111116</td><td>0.00900926</td><td>2.1488</td></tr><tr><td>106</td><td>0.763594</td><td>0.194621</td><td>0.0417857</td><td>0.395506</td></tr><tr><td>107</td><td>0.439657</td><td>0.559564</td><td>0.000779809</td><td>0.713758</td></tr><tr><td>108</td><td>0.758756</td><td>0.172748</td><td>0.0684959</td><td>0.211659</td></tr><tr><td>109</td><td>0.937579</td><td>0.0445971</td><td>0.0178242</td><td>0.90884</td></tr><tr><td>110</td><td>0.925942</td><td>0.0169936</td><td>0.0570642</td><td>2.1488</td></tr><tr><td>111</td><td>0.0376967</td><td>0.962303</td><td>3.19259e-25</td><td>0.793536</td></tr><tr><td>112</td><td>0.612664</td><td>0.380818</td><td>0.00651864</td><td>0.90884</td></tr><tr><td>113</td><td>0.948648</td><td>0.0513496</td><td>2.37169e-06</td><td>0.31061</td></tr><tr><td>114</td><td>0.448835</td><td>0.550347</td><td>0.000818059</td><td>2.1488</td></tr><tr><td>115</td><td>0.486158</td><td>0.359654</td><td>0.154189</td><td>0.713758</td></tr><tr><td>116</td><td>0.99269</td><td>0.00670533</td><td>0.000605161</td><td>0.242531</td></tr><tr><td>117</td><td>0.404367</td><td>0.312806</td><td>0.282827</td><td>0.395506</td></tr><tr><td>118</td><td>0.497361</td><td>0.428497</td><td>0.0741417</td><td>0.269531</td></tr><tr><td>119</td><td>0.468384</td><td>0.211701</td><td>0.319915</td><td>0.190419</td></tr><tr><td>120</td><td>0.250491</td><td>0.749444</td><td>6.49836e-05</td><td>0.361552</td></tr><tr><td>121</td><td>0.337131</td><td>0.625219</td><td>0.0376497</td><td>0.242531</td></tr><tr><td>122</td><td>0.427495</td><td>0.278033</td><td>0.294471</td><td>0.242531</td></tr><tr><td>123</td><td>0.682171</td><td>0.315099</td><td>0.00273047</td><td>1.01042</td></tr><tr><td>124</td><td>0.792775</td><td>0.207204</td><td>2.11308e-05</td><td>0.637262</td></tr><tr><td>125</td><td>0.0407453</td><td>0.94255</td><td>0.0167048</td><td>0.637262</td></tr><tr><td>126</td><td>0.944558</td><td>0.037372</td><td>0.0180695</td><td>0.242531</td></tr><tr><td>127</td><td>0.959904</td><td>0.0150935</td><td>0.0250022</td><td>0.90884</td></tr><tr><td>128</td><td>0.923737</td><td>0.0762628</td><td>9.64024e-13</td><td>0.395506</td></tr><tr><td>129</td><td>0.936511</td><td>0.0100931</td><td>0.0533959</td><td>0.841094</td></tr><tr><td>130</td><td>0.565403</td><td>0.151785</td><td>0.282812</td><td>1.01042</td></tr><tr><td>131</td><td>0.50199</td><td>0.491174</td><td>0.00683611</td><td>0.90884</td></tr><tr><td>132</td><td>0.817602</td><td>0.182359</td><td>3.83414e-05</td><td>0.499696</td></tr><tr><td>133</td><td>0.758873</td><td>0.239906</td><td>0.00122106</td><td>0.841094</td></tr><tr><td>134</td><td>0.822291</td><td>0.175865</td><td>0.00184406</td><td>0.355743</td></tr><tr><td>135</td><td>0.853999</td><td>0.135682</td><td>0.0103198</td><td>0.269531</td></tr><tr><td>136</td><td>0.990076</td><td>0.00960297</td><td>0.000320804</td><td>0.90884</td></tr><tr><td>137</td><td>0.722896</td><td>0.119317</td><td>0.157786</td><td>3.17455</td></tr><tr><td>138</td><td>0.891492</td><td>0.108505</td><td>2.13297e-06</td><td>0.90884</td></tr><tr><td>139</td><td>0.277592</td><td>0.722405</td><td>2.96892e-06</td><td>0.242531</td></tr><tr><td>140</td><td>0.397259</td><td>0.424103</td><td>0.178638</td><td>0.269531</td></tr><tr><td>141</td><td>0.849452</td><td>0.150428</td><td>0.000120023</td><td>0.242531</td></tr><tr><td>142</td><td>0.843371</td><td>0.0886663</td><td>0.0679627</td><td>0.90884</td></tr><tr><td>143</td><td>0.922827</td><td>0.0743327</td><td>0.00284002</td><td>2.38897</td></tr><tr><td>144</td><td>0.349933</td><td>0.174694</td><td>0.475373</td><td>1.01042</td></tr><tr><td>145</td><td>0.0747932</td><td>0.925207</td><td>1.93244e-28</td><td>0.90884</td></tr><tr><td>146</td><td>0.879493</td><td>0.0401393</td><td>0.0803674</td><td>0.90884</td></tr><tr><td>147</td><td>0.893216</td><td>0.0715101</td><td>0.0352737</td><td>0.269531</td></tr><tr><td>148</td><td>0.696181</td><td>0.283246</td><td>0.0205734</td><td>4.04221</td></tr><tr><td>149</td><td>0.847406</td><td>0.152582</td><td>1.17659e-05</td><td>0.355743</td></tr><tr><td>150</td><td>0.470244</td><td>0.525757</td><td>0.003999</td><td>0.190419</td></tr><tr><td>151</td><td>0.589509</td><td>0.382341</td><td>0.0281503</td><td>0.31061</td></tr><tr><td>152</td><td>0.690536</td><td>0.265157</td><td>0.044307</td><td>0.242531</td></tr><tr><td>153</td><td>0.913776</td><td>0.0858832</td><td>0.000341186</td><td>2.1488</td></tr><tr><td>154</td><td>0.591589</td><td>0.393679</td><td>0.0147319</td><td>0.211659</td></tr><tr><td>155</td><td>0.379978</td><td>0.619901</td><td>0.000120567</td><td>0.269531</td></tr><tr><td>156</td><td>0.61068</td><td>0.388517</td><td>0.000803019</td><td>0.355743</td></tr><tr><td>157</td><td>0.463133</td><td>0.533244</td><td>0.00362245</td><td>2.1488</td></tr><tr><td>158</td><td>0.801333</td><td>0.198604</td><td>6.24873e-05</td><td>0.211659</td></tr><tr><td>159</td><td>0.987842</td><td>0.0118342</td><td>0.000323399</td><td>0.793536</td></tr><tr><td>160</td><td>0.215512</td><td>0.7844</td><td>8.76684e-05</td><td>0.637262</td></tr><tr><td>161</td><td>0.19987</td><td>0.553233</td><td>0.246898</td><td>0.242531</td></tr><tr><td>162</td><td>0.886339</td><td>0.0771428</td><td>0.0365181</td><td>0.90884</td></tr><tr><td>163</td><td>0.321401</td><td>0.42875</td><td>0.249849</td><td>0.269531</td></tr><tr><td>164</td><td>0.548329</td><td>0.245249</td><td>0.206422</td><td>0.31061</td></tr><tr><td>165</td><td>0.625083</td><td>0.102089</td><td>0.272828</td><td>1.01042</td></tr><tr><td>166</td><td>0.977044</td><td>0.0173946</td><td>0.00556099</td><td>0.90884</td></tr><tr><td>167</td><td>0.90736</td><td>0.062419</td><td>0.0302212</td><td>0.90884</td></tr><tr><td>168</td><td>0.659443</td><td>0.340507</td><td>5.00447e-05</td><td>0.90884</td></tr><tr><td>169</td><td>0.921406</td><td>0.0660039</td><td>0.0125905</td><td>0.90884</td></tr><tr><td>170</td><td>0.797295</td><td>0.2027</td><td>5.02529e-06</td><td>1.87327</td></tr><tr><td>171</td><td>0.987048</td><td>0.012952</td><td>1.5325e-12</td><td>1.01042</td></tr><tr><td>172</td><td>0.736835</td><td>0.12579</td><td>0.137375</td><td>0.395506</td></tr><tr><td>173</td><td>0.692536</td><td>0.306774</td><td>0.000689953</td><td>0.793536</td></tr><tr><td>174</td><td>0.687884</td><td>0.264563</td><td>0.047553</td><td>0.242531</td></tr><tr><td>175</td><td>0.221987</td><td>0.778013</td><td>9.67288e-11</td><td>0.841094</td></tr><tr><td>176</td><td>0.349754</td><td>0.322704</td><td>0.327542</td><td>0.242531</td></tr><tr><td>177</td><td>0.32107</td><td>0.678544</td><td>0.000386343</td><td>0.90884</td></tr><tr><td>178</td><td>0.570902</td><td>0.214993</td><td>0.214105</td><td>0.211659</td></tr><tr><td>179</td><td>0.995742</td><td>0.00425784</td><td>9.06628e-09</td><td>0.395506</td></tr><tr><td>180</td><td>0.301559</td><td>0.488816</td><td>0.209625</td><td>0.395506</td></tr><tr><td>181</td><td>0.46254</td><td>0.537414</td><td>4.67634e-05</td><td>0.90884</td></tr><tr><td>182</td><td>0.961692</td><td>0.0382425</td><td>6.5736e-05</td><td>0.90884</td></tr><tr><td>183</td><td>0.413554</td><td>0.556352</td><td>0.030094</td><td>0.713758</td></tr><tr><td>184</td><td>0.0120283</td><td>0.987972</td><td>1.10099e-41</td><td>0.793536</td></tr><tr><td>185</td><td>0.642998</td><td>0.356999</td><td>3.41845e-06</td><td>1.01042</td></tr><tr><td>186</td><td>0.346865</td><td>0.296429</td><td>0.356705</td><td>0.269531</td></tr><tr><td>187</td><td>0.526705</td><td>0.167734</td><td>0.305561</td><td>0.211659</td></tr><tr><td>188</td><td>0.785826</td><td>0.2087</td><td>0.00547394</td><td>0.793536</td></tr><tr><td>189</td><td>0.492944</td><td>0.50566</td><td>0.00139563</td><td>0.395506</td></tr><tr><td>190</td><td>0.357154</td><td>0.581114</td><td>0.0617315</td><td>0.269531</td></tr><tr><td>191</td><td>0.472633</td><td>0.526582</td><td>0.000784913</td><td>2.1488</td></tr><tr><td>192</td><td>0.554094</td><td>0.43946</td><td>0.00644603</td><td>0.242531</td></tr><tr><td>193</td><td>0.862026</td><td>0.129698</td><td>0.0082754</td><td>1.01042</td></tr><tr><td>194</td><td>0.967498</td><td>0.0239523</td><td>0.00854982</td><td>0.573194</td></tr><tr><td>195</td><td>0.470715</td><td>0.376766</td><td>0.152518</td><td>2.1488</td></tr><tr><td>196</td><td>0.459349</td><td>0.346368</td><td>0.194283</td><td>0.242531</td></tr><tr><td>197</td><td>0.685313</td><td>0.301305</td><td>0.0133814</td><td>1.01042</td></tr><tr><td>198</td><td>0.11806</td><td>0.88194</td><td>2.62934e-09</td><td>6.02832</td></tr><tr><td>199</td><td>0.801444</td><td>0.165093</td><td>0.0334631</td><td>0.269531</td></tr><tr><td>200</td><td>0.655604</td><td>0.134871</td><td>0.209525</td><td>0.637262</td></tr><tr><td>201</td><td>0.33545</td><td>0.488241</td><td>0.176309</td><td>0.713758</td></tr><tr><td>202</td><td>0.871565</td><td>0.0148516</td><td>0.113583</td><td>1.01042</td></tr><tr><td>203</td><td>0.918179</td><td>0.0645196</td><td>0.0173011</td><td>0.269531</td></tr><tr><td>204</td><td>0.439513</td><td>0.560479</td><td>8.37533e-06</td><td>0.269531</td></tr><tr><td>205</td><td>0.976113</td><td>0.0238393</td><td>4.74016e-05</td><td>0.395506</td></tr><tr><td>206</td><td>0.410143</td><td>0.589857</td><td>5.37572e-07</td><td>2.38897</td></tr><tr><td>207</td><td>0.346771</td><td>0.653229</td><td>1.66626e-22</td><td>0.269531</td></tr><tr><td>208</td><td>0.805396</td><td>0.194604</td><td>2.68085e-19</td><td>0.395506</td></tr><tr><td>209</td><td>0.820393</td><td>0.179578</td><td>2.89013e-05</td><td>0.573194</td></tr><tr><td>210</td><td>0.912742</td><td>0.0824359</td><td>0.00482212</td><td>1.01042</td></tr><tr><td>211</td><td>0.937929</td><td>0.0514765</td><td>0.0105943</td><td>0.242531</td></tr><tr><td>212</td><td>0.718078</td><td>0.280608</td><td>0.00131352</td><td>1.01042</td></tr><tr><td>213</td><td>0.943602</td><td>0.0178882</td><td>0.0385098</td><td>0.90884</td></tr><tr><td>214</td><td>0.470671</td><td>0.4296</td><td>0.0997288</td><td>0.90884</td></tr><tr><td>215</td><td>0.108711</td><td>0.891289</td><td>1.26196e-11</td><td>5.42226</td></tr><tr><td>216</td><td>0.738654</td><td>0.202208</td><td>0.0591384</td><td>0.395506</td></tr><tr><td>217</td><td>0.442621</td><td>0.557362</td><td>1.63223e-05</td><td>0.90884</td></tr><tr><td>218</td><td>0.752162</td><td>0.239857</td><td>0.00798094</td><td>0.211659</td></tr><tr><td>219</td><td>0.943586</td><td>0.0328355</td><td>0.0235788</td><td>0.841094</td></tr><tr><td>220</td><td>0.469198</td><td>0.527428</td><td>0.00337454</td><td>0.90884</td></tr><tr><td>221</td><td>0.632747</td><td>0.185753</td><td>0.1815</td><td>4.04221</td></tr><tr><td>222</td><td>0.629584</td><td>0.174329</td><td>0.196087</td><td>0.242531</td></tr><tr><td>223</td><td>0.224531</td><td>0.666401</td><td>0.109068</td><td>0.355743</td></tr><tr><td>224</td><td>0.650017</td><td>0.336019</td><td>0.013964</td><td>0.793536</td></tr><tr><td>225</td><td>0.395702</td><td>0.311581</td><td>0.292717</td><td>0.242531</td></tr><tr><td>226</td><td>0.114429</td><td>0.885571</td><td>1.6036e-36</td><td>1.01042</td></tr><tr><td>227</td><td>0.199052</td><td>0.800948</td><td>1.20832e-14</td><td>0.637262</td></tr><tr><td>228</td><td>0.949706</td><td>0.0502941</td><td>3.73277e-24</td><td>1.01042</td></tr><tr><td>229</td><td>0.945573</td><td>0.0467269</td><td>0.00769991</td><td>0.190419</td></tr><tr><td>230</td><td>0.975101</td><td>0.0243956</td><td>0.000503005</td><td>0.573194</td></tr><tr><td>231</td><td>0.701734</td><td>0.181115</td><td>0.11715</td><td>1.01042</td></tr><tr><td>232</td><td>0.504059</td><td>0.107117</td><td>0.388824</td><td>0.269531</td></tr><tr><td>233</td><td>0.492075</td><td>0.495477</td><td>0.0124476</td><td>2.1488</td></tr><tr><td>234</td><td>0.331662</td><td>0.281901</td><td>0.386437</td><td>1.01042</td></tr><tr><td>235</td><td>0.261043</td><td>0.738924</td><td>3.2812e-05</td><td>0.793536</td></tr><tr><td>236</td><td>0.967458</td><td>0.0297098</td><td>0.00283216</td><td>0.713758</td></tr><tr><td>237</td><td>0.840173</td><td>0.138673</td><td>0.0211537</td><td>0.211659</td></tr><tr><td>238</td><td>0.934319</td><td>0.0615162</td><td>0.00416473</td><td>1.01042</td></tr><tr><td>239</td><td>0.480183</td><td>0.471657</td><td>0.0481592</td><td>0.31061</td></tr><tr><td>240</td><td>0.760243</td><td>0.233423</td><td>0.00633447</td><td>0.573194</td></tr><tr><td>241</td><td>0.839784</td><td>0.160216</td><td>1.12032e-19</td><td>0.269531</td></tr><tr><td>242</td><td>0.928745</td><td>0.0256274</td><td>0.0456275</td><td>0.269531</td></tr><tr><td>243</td><td>0.239103</td><td>0.760897</td><td>7.70572e-12</td><td>0.395506</td></tr><tr><td>244</td><td>0.913022</td><td>0.0869784</td><td>1.66973e-35</td><td>0.793536</td></tr><tr><td>245</td><td>0.707593</td><td>0.0178752</td><td>0.274532</td><td>2.1488</td></tr><tr><td>246</td><td>0.945998</td><td>0.0539555</td><td>4.64621e-05</td><td>0.90884</td></tr><tr><td>247</td><td>0.991012</td><td>0.00730704</td><td>0.00168069</td><td>0.355743</td></tr><tr><td>248</td><td>0.343831</td><td>0.656162</td><td>6.17053e-06</td><td>0.841094</td></tr><tr><td>249</td><td>0.399353</td><td>0.36609</td><td>0.234558</td><td>3.63582</td></tr><tr><td>250</td><td>0.000235117</td><td>0.999765</td><td>5.95894e-13</td><td>2.38897</td></tr><tr><td>251</td><td>0.850117</td><td>0.123666</td><td>0.0262166</td><td>0.211659</td></tr><tr><td>252</td><td>0.373641</td><td>0.619032</td><td>0.00732694</td><td>1.01042</td></tr><tr><td>253</td><td>0.138982</td><td>0.860683</td><td>0.000335144</td><td>5.42226</td></tr><tr><td>254</td><td>0.607878</td><td>0.380089</td><td>0.0120332</td><td>1.01042</td></tr><tr><td>255</td><td>0.69509</td><td>0.169819</td><td>0.135091</td><td>2.38897</td></tr><tr><td>256</td><td>0.407875</td><td>0.592125</td><td>2.08149e-13</td><td>0.355743</td></tr><tr><td>257</td><td>0.699247</td><td>0.149704</td><td>0.15105</td><td>3.17455</td></tr><tr><td>258</td><td>0.986127</td><td>0.0138726</td><td>2.57328e-18</td><td>1.01042</td></tr><tr><td>259</td><td>0.597134</td><td>0.101869</td><td>0.300997</td><td>0.395506</td></tr><tr><td>260</td><td>0.59555</td><td>0.403551</td><td>0.000899266</td><td>0.211659</td></tr><tr><td>261</td><td>0.263716</td><td>0.736284</td><td>1.34195e-07</td><td>0.269531</td></tr><tr><td>262</td><td>0.562386</td><td>0.366528</td><td>0.0710859</td><td>0.90884</td></tr><tr><td>263</td><td>0.926174</td><td>0.0402794</td><td>0.033547</td><td>0.573194</td></tr><tr><td>264</td><td>0.817799</td><td>0.170734</td><td>0.0114664</td><td>0.269531</td></tr><tr><td>265</td><td>0.708345</td><td>0.281298</td><td>0.0103571</td><td>0.269531</td></tr><tr><td>266</td><td>0.609853</td><td>0.170502</td><td>0.219645</td><td>0.637262</td></tr><tr><td>267</td><td>0.577255</td><td>0.413543</td><td>0.00920177</td><td>0.90884</td></tr><tr><td>268</td><td>0.760375</td><td>0.216889</td><td>0.0227365</td><td>0.269531</td></tr><tr><td>269</td><td>0.186878</td><td>0.80847</td><td>0.00465179</td><td>1.01042</td></tr><tr><td>270</td><td>0.225753</td><td>0.119591</td><td>0.654655</td><td>0.242531</td></tr><tr><td>271</td><td>0.591828</td><td>0.408035</td><td>0.000136564</td><td>1.01042</td></tr><tr><td>272</td><td>0.966862</td><td>0.0330758</td><td>6.20161e-05</td><td>0.395506</td></tr><tr><td>273</td><td>0.821961</td><td>0.177996</td><td>4.31442e-05</td><td>1.01042</td></tr><tr><td>274</td><td>0.666463</td><td>0.332631</td><td>0.000906162</td><td>0.573194</td></tr><tr><td>275</td><td>0.957925</td><td>0.0420745</td><td>6.42108e-07</td><td>2.1488</td></tr><tr><td>276</td><td>0.657835</td><td>0.213253</td><td>0.128912</td><td>0.90884</td></tr><tr><td>277</td><td>0.460757</td><td>0.251354</td><td>0.287889</td><td>0.90884</td></tr><tr><td>278</td><td>0.311295</td><td>0.266734</td><td>0.421971</td><td>1.01042</td></tr><tr><td>279</td><td>0.23259</td><td>0.767031</td><td>0.000379263</td><td>0.713758</td></tr><tr><td>280</td><td>0.986094</td><td>0.0139055</td><td>3.04334e-12</td><td>0.573194</td></tr><tr><td>281</td><td>0.118571</td><td>0.881429</td><td>3.73748e-09</td><td>0.573194</td></tr><tr><td>282</td><td>0.600447</td><td>0.132661</td><td>0.266892</td><td>0.637262</td></tr><tr><td>283</td><td>0.612455</td><td>0.318277</td><td>0.069268</td><td>0.242531</td></tr><tr><td>284</td><td>0.470952</td><td>0.164624</td><td>0.364424</td><td>1.01042</td></tr><tr><td>285</td><td>0.878392</td><td>0.117639</td><td>0.00396853</td><td>0.242531</td></tr><tr><td>286</td><td>0.821215</td><td>0.178437</td><td>0.000348659</td><td>0.793536</td></tr><tr><td>287</td><td>0.851987</td><td>0.0690094</td><td>0.0790035</td><td>1.01042</td></tr><tr><td>288</td><td>0.96836</td><td>0.000672975</td><td>0.0309672</td><td>0.573194</td></tr><tr><td>289</td><td>0.906058</td><td>0.0939398</td><td>2.45073e-06</td><td>0.573194</td></tr><tr><td>290</td><td>0.930929</td><td>0.0690134</td><td>5.795e-05</td><td>0.90884</td></tr><tr><td>291</td><td>0.980075</td><td>0.0199255</td><td>2.30074e-09</td><td>0.269531</td></tr><tr><td>292</td><td>0.747015</td><td>0.231268</td><td>0.0217167</td><td>0.713758</td></tr><tr><td>293</td><td>0.210719</td><td>0.789281</td><td>1.57738e-07</td><td>0.395506</td></tr><tr><td>294</td><td>0.199293</td><td>0.800678</td><td>2.88006e-05</td><td>1.01042</td></tr><tr><td>295</td><td>0.557396</td><td>0.206004</td><td>0.2366</td><td>0.90884</td></tr><tr><td>296</td><td>0.892526</td><td>0.0278824</td><td>0.0795918</td><td>0.269531</td></tr><tr><td>297</td><td>0.480199</td><td>0.117192</td><td>0.402609</td><td>0.269531</td></tr><tr><td>298</td><td>0.481717</td><td>0.518283</td><td>8.91425e-08</td><td>5.42226</td></tr><tr><td>299</td><td>0.891755</td><td>0.0607392</td><td>0.0475058</td><td>0.90884</td></tr><tr><td>300</td><td>0.551557</td><td>0.118803</td><td>0.32964</td><td>3.63582</td></tr><tr><td>301</td><td>0.732485</td><td>0.267515</td><td>7.97403e-13</td><td>2.38897</td></tr><tr><td>302</td><td>0.714661</td><td>0.268572</td><td>0.0167664</td><td>1.01042</td></tr><tr><td>303</td><td>0.59327</td><td>0.40673</td><td>1.26644e-55</td><td>0.31061</td></tr><tr><td>304</td><td>0.562221</td><td>0.32667</td><td>0.111109</td><td>0.31061</td></tr><tr><td>305</td><td>0.509598</td><td>0.224024</td><td>0.266378</td><td>0.90884</td></tr><tr><td>306</td><td>0.473367</td><td>0.526633</td><td>4.77717e-08</td><td>0.713758</td></tr><tr><td>307</td><td>0.936595</td><td>0.0160274</td><td>0.0473774</td><td>0.793536</td></tr><tr><td>308</td><td>0.360379</td><td>0.581908</td><td>0.0577129</td><td>2.1488</td></tr><tr><td>309</td><td>0.813292</td><td>0.10515</td><td>0.081558</td><td>0.713758</td></tr><tr><td>310</td><td>0.800499</td><td>0.164014</td><td>0.0354873</td><td>0.31061</td></tr><tr><td>311</td><td>0.86781</td><td>0.131947</td><td>0.000242985</td><td>0.573194</td></tr><tr><td>312</td><td>0.00194472</td><td>0.998055</td><td>1.3638e-07</td><td>2.1488</td></tr><tr><td>313</td><td>0.753543</td><td>0.0713515</td><td>0.175105</td><td>0.395506</td></tr><tr><td>314</td><td>0.8552</td><td>0.144799</td><td>4.26536e-07</td><td>0.269531</td></tr><tr><td>315</td><td>0.899405</td><td>0.02253</td><td>0.0780646</td><td>0.242531</td></tr><tr><td>316</td><td>0.956093</td><td>0.0112791</td><td>0.0326278</td><td>2.38897</td></tr><tr><td>317</td><td>0.47549</td><td>0.524487</td><td>2.25449e-05</td><td>0.355743</td></tr><tr><td>318</td><td>0.622094</td><td>0.19077</td><td>0.187136</td><td>0.573194</td></tr><tr><td>319</td><td>0.989272</td><td>0.0107277</td><td>1.1118e-07</td><td>2.38897</td></tr><tr><td>320</td><td>0.436422</td><td>0.228542</td><td>0.335036</td><td>1.01042</td></tr><tr><td>321</td><td>0.133575</td><td>0.804589</td><td>0.0618357</td><td>2.38897</td></tr><tr><td>322</td><td>0.9373</td><td>0.060774</td><td>0.00192634</td><td>2.1488</td></tr><tr><td>323</td><td>0.972193</td><td>0.0262781</td><td>0.00152857</td><td>0.242531</td></tr><tr><td>324</td><td>0.83554</td><td>0.0492008</td><td>0.115259</td><td>0.841094</td></tr><tr><td>325</td><td>0.848979</td><td>0.0516561</td><td>0.0993649</td><td>2.1488</td></tr><tr><td>326</td><td>0.596373</td><td>0.403624</td><td>3.46726e-06</td><td>3.63582</td></tr><tr><td>327</td><td>0.835201</td><td>0.164363</td><td>0.000436065</td><td>0.90884</td></tr><tr><td>328</td><td>0.595396</td><td>0.333637</td><td>0.0709671</td><td>2.38897</td></tr><tr><td>329</td><td>0.337132</td><td>0.659061</td><td>0.00380706</td><td>0.935106</td></tr><tr><td>330</td><td>0.705336</td><td>0.294658</td><td>5.96461e-06</td><td>1.01042</td></tr><tr><td>331</td><td>0.97573</td><td>0.0242695</td><td>5.40091e-09</td><td>0.395506</td></tr><tr><td>332</td><td>0.920787</td><td>0.0219257</td><td>0.0572875</td><td>2.38897</td></tr><tr><td>333</td><td>0.839185</td><td>0.113997</td><td>0.0468181</td><td>0.242531</td></tr><tr><td>334</td><td>0.738322</td><td>0.25401</td><td>0.00766849</td><td>0.269531</td></tr><tr><td>335</td><td>0.546252</td><td>0.113586</td><td>0.340163</td><td>3.63582</td></tr><tr><td>336</td><td>0.787438</td><td>0.0958384</td><td>0.116724</td><td>0.90884</td></tr><tr><td>337</td><td>0.849972</td><td>0.128966</td><td>0.0210612</td><td>0.211659</td></tr><tr><td>338</td><td>0.164576</td><td>0.835415</td><td>9.82825e-06</td><td>0.90884</td></tr><tr><td>339</td><td>0.773084</td><td>0.226901</td><td>1.50929e-05</td><td>2.38897</td></tr><tr><td>340</td><td>0.0673446</td><td>0.932655</td><td>8.45648e-16</td><td>0.713758</td></tr><tr><td>341</td><td>0.83461</td><td>0.159937</td><td>0.00545285</td><td>0.269531</td></tr><tr><td>342</td><td>0.794755</td><td>0.136826</td><td>0.0684191</td><td>0.242531</td></tr><tr><td>343</td><td>0.883273</td><td>0.114422</td><td>0.00230572</td><td>0.573194</td></tr><tr><td>344</td><td>0.548882</td><td>0.0973458</td><td>0.353772</td><td>0.242531</td></tr><tr><td>345</td><td>0.67736</td><td>0.32258</td><td>6.01125e-05</td><td>0.90884</td></tr><tr><td>346</td><td>0.0897645</td><td>0.91023</td><td>5.09812e-06</td><td>0.355743</td></tr><tr><td>347</td><td>0.00178209</td><td>0.998218</td><td>4.69881e-37</td><td>0.242531</td></tr><tr><td>348</td><td>0.996688</td><td>0.00331199</td><td>5.05996e-13</td><td>0.573194</td></tr><tr><td>349</td><td>0.989763</td><td>0.0102365</td><td>2.0891e-09</td><td>2.38897</td></tr><tr><td>350</td><td>0.899086</td><td>0.100914</td><td>5.50638e-20</td><td>0.211659</td></tr><tr><td>351</td><td>0.596787</td><td>0.403162</td><td>5.09872e-05</td><td>0.449461</td></tr><tr><td>352</td><td>0.626708</td><td>0.217731</td><td>0.155561</td><td>1.01042</td></tr><tr><td>353</td><td>0.992972</td><td>0.00702816</td><td>1.75017e-08</td><td>0.269531</td></tr><tr><td>354</td><td>0.775417</td><td>0.171945</td><td>0.052638</td><td>0.793536</td></tr><tr><td>355</td><td>0.63371</td><td>0.36629</td><td>7.78138e-08</td><td>0.242531</td></tr><tr><td>356</td><td>0.889914</td><td>0.110086</td><td>4.97518e-10</td><td>0.395506</td></tr><tr><td>357</td><td>0.00169867</td><td>0.998301</td><td>4.00467e-53</td><td>0.31061</td></tr><tr><td>358</td><td>0.879852</td><td>0.0223732</td><td>0.0977751</td><td>0.90884</td></tr><tr><td>359</td><td>0.447793</td><td>0.552207</td><td>9.01669e-19</td><td>0.269531</td></tr><tr><td>360</td><td>0.430472</td><td>0.569528</td><td>1.21044e-17</td><td>0.269531</td></tr><tr><td>361</td><td>0.966776</td><td>0.0303697</td><td>0.00285399</td><td>2.38897</td></tr><tr><td>362</td><td>0.951955</td><td>0.0471977</td><td>0.000847142</td><td>2.1488</td></tr><tr><td>363</td><td>0.523468</td><td>0.470841</td><td>0.00569079</td><td>1.01042</td></tr><tr><td>364</td><td>0.886343</td><td>0.0920194</td><td>0.0216378</td><td>2.38897</td></tr><tr><td>365</td><td>0.657981</td><td>0.341877</td><td>0.000141896</td><td>0.190419</td></tr><tr><td>366</td><td>0.170761</td><td>0.827767</td><td>0.00147191</td><td>1.01042</td></tr><tr><td>367</td><td>0.417272</td><td>0.248111</td><td>0.334617</td><td>0.90884</td></tr><tr><td>368</td><td>0.9077</td><td>0.0649914</td><td>0.0273086</td><td>0.242531</td></tr><tr><td>369</td><td>0.7854</td><td>0.189262</td><td>0.0253384</td><td>0.242531</td></tr><tr><td>370</td><td>0.812061</td><td>0.187939</td><td>1.48208e-11</td><td>0.242531</td></tr><tr><td>371</td><td>0.41989</td><td>0.283366</td><td>0.296744</td><td>3.63582</td></tr><tr><td>372</td><td>0.630264</td><td>0.369723</td><td>1.29951e-05</td><td>1.01042</td></tr><tr><td>373</td><td>0.771522</td><td>0.18801</td><td>0.0404679</td><td>3.63582</td></tr><tr><td>374</td><td>0.938868</td><td>0.0503189</td><td>0.0108129</td><td>0.269531</td></tr><tr><td>375</td><td>0.842801</td><td>0.128861</td><td>0.028338</td><td>0.713758</td></tr><tr><td>376</td><td>0.629601</td><td>0.327879</td><td>0.0425194</td><td>0.90884</td></tr><tr><td>377</td><td>0.638712</td><td>0.103473</td><td>0.257815</td><td>1.01042</td></tr><tr><td>378</td><td>0.360669</td><td>0.484307</td><td>0.155024</td><td>0.395506</td></tr><tr><td>379</td><td>0.889272</td><td>0.0901412</td><td>0.0205868</td><td>0.242531</td></tr><tr><td>380</td><td>0.806139</td><td>0.153851</td><td>0.04001</td><td>0.573194</td></tr><tr><td>381</td><td>0.855822</td><td>0.139257</td><td>0.00492106</td><td>0.279383</td></tr><tr><td>382</td><td>0.671879</td><td>0.0785714</td><td>0.24955</td><td>0.637262</td></tr><tr><td>383</td><td>0.922094</td><td>0.0530036</td><td>0.0249028</td><td>5.58763</td></tr><tr><td>384</td><td>0.0163333</td><td>0.983657</td><td>9.54606e-06</td><td>0.841094</td></tr><tr><td>385</td><td>0.955931</td><td>0.0440694</td><td>7.60694e-19</td><td>0.793536</td></tr><tr><td>386</td><td>0.606122</td><td>0.393874</td><td>3.63974e-06</td><td>0.395506</td></tr><tr><td>387</td><td>0.742559</td><td>0.196882</td><td>0.0605598</td><td>0.637262</td></tr><tr><td>388</td><td>0.889933</td><td>0.103155</td><td>0.00691211</td><td>0.269531</td></tr><tr><td>389</td><td>0.568841</td><td>0.42467</td><td>0.00648943</td><td>0