<!DOCTYPE HTML PUBLIC "-//W3C//DTD HTML 4.01 Transitional//EN">

<html>
<head>
<script src="http://transp-or.epfl.ch/biogeme/sorttable.js"></script>
<meta http-equiv='Content-Type' content='text/html; charset=utf-8' />
<title>simul_Model_4_decrease.html - Report from biogeme 2.6a [Sun Aug 26 15:54:37 BST 2018]</title>
<meta name="keywords" content="biogeme, discrete choice, random utility">
<meta name="description" content="Report from biogeme 2.6a [Sun Aug 26 15:54:37 BST 2018]">
<meta name="author" content="Michel Bierlaire">
<style type=text/css>
<!--table
.biostyle
	{font-size:10.0pt;
	font-weight:400;
	font-style:normal;
	font-family:Courier;}
.boundstyle
	{font-size:10.0pt;
	font-weight:400;
	font-style:normal;
	font-family:Courier;
        color:red}
-->
</style>
</head>

<body bgcolor="#ffffff">
<p>biogeme 2.6a [Sun Aug 26 15:54:37 BST 2018]</p>
<p>Home page: <a href='http://biogeme.epfl.ch' target='_blank'>http://biogeme.epfl.ch</a></p>
<p>Submit questions to <a href='https://groups.google.com/d/forum/biogeme' target='_blank'>https://groups.google.com/d/forum/biogeme</a></p>
<p><a href='http://people.epfl.ch/michel.bierlaire'>Michel Bierlaire</a>, <a href='http://transp-or.epfl.ch'>Transport and Mobility Laboratory</a>, <a href='http://www.epfl.ch'>Ecole Polytechnique F&eacute;d&eacute;rale de Lausanne (EPFL)</a></p>
<p>This file has automatically been generated on
Thu Dec 13 17:04:03 2018</p>
<p>If you drag this HTML file into the Calc application of <a href='http://www.openoffice.org/' target='_blank'>OpenOffice</a>, or the spreadsheet of <a href='https://www.libreoffice.org/' target='_blank'>LibreOffice</a>, you will be able to perform additional calculations.</p><table><tr class=biostyle><td align=right><strong>Report file</strong>:	</td><td>simul_Model_4_decrease.html</td></tr><tr class=biostyle><td align=right><strong>Sample file</strong>:	</td><td>__bin_optimaDataset_6.dat</td></tr></table><h1>Formulas</h1>
<table border="0">
<tr class=biostyle><td align=right><strong><em>Car utility:</em></strong>	</td><td><em>ASC_CAR * one + BETA_COST_SHARE_CAR * CostCarShare_norm + ( BETA_TIME_CAR * ( ( TimeCar ^ LAMBDA_TIME_CAR ) - ( 1 ) ) ) / LAMBDA_TIME_CAR + BETA_NbCar * NbCars + BETA_NbChild * NbChildren + BETA_LANGUAGE * FrenchRegion + BETA_WorkTrip * WORK</em></td></tr><tr class=biostyle><td align=right><strong><em>PT utility:</em></strong>	</td><td><em>BETA_COST_SHARE_PT * CostPTShare_norm_decrease + ( BETA_TIME_PT * ( ( TimePT ^ LAMBDA_TIME_PT ) - ( 1 ) ) ) / LAMBDA_TIME_PT + BETA_Urban * URBAN + BETA_Student * STUDENT</em></td></tr><tr class=biostyle><td align=right><strong><em>SM utility:</em></strong>	</td><td><em>ASC_SM * one + ( ASC_DIST + BETA_DIST_YOUNG * AgeYoung + BETA_DIST_ADULT * AgeAdult + BETA_DIST_OLD * AgeOld ) * distance_km + BETA_Nbikes * NbBikes</em></td></tr></table>
<h1>Statistics</h1>
<table border="0">
<tr class=biostyle><td align=right><strong><em>Alt. 0 available:</em></strong>	</td><td><em>1524</em></td></tr><tr class=biostyle><td align=right><strong><em>Alt. 0 chosen:</em></strong>	</td><td><em>418</em></td></tr><tr class=biostyle><td align=right><strong><em>Alt. 1 available:</em></strong>	</td><td><em>1524</em></td></tr><tr class=biostyle><td align=right><strong><em>Alt. 1 chosen:</em></strong>	</td><td><em>1013</em></td></tr><tr class=biostyle><td align=right><strong><em>Alt. 2 available:</em></strong>	</td><td><em>1524</em></td></tr><tr class=biostyle><td align=right><strong><em>Alt. 2 chosen:</em></strong>	</td><td><em>93</em></td></tr><tr class=biostyle><td align=right><strong><em>Cte loglikelihood (only for full choice sets):</em></strong>	</td><td><em>-1214.54</em></td></tr><tr class=biostyle><td align=right><strong><em>Null loglikelihood:</em></strong>	</td><td><em>-1674.29</em></td></tr></table>
<h1>Simulation report</h1>

<p>Number of draws for Monte-Carlo: 1000</p>
<p>Type of draws: MLHS</p>
<h2>Aggregate values</h2><table border='1'>
<tr><th></th><th>01 Prob CAR</th><th>02 Prob PT</th><th>03 Prob SM</th><th>__weight</th></tr><tr><th>Total</th><td>1005.26</td><td>426.031</td><td>92.7104</td><td>1524</td></tr><tr><th>Weighted total</th><td>960.059</td><td>473.965</td><td>89.9755</td><td>3758.52</td></tr><tr><th>Average</th><td>0.659619</td><td>0.279548</td><td>0.0608336</td><td>1</td></tr><tr><th>Weighted average</th><td>0.62996</td><td>0.311001</td><td>0.059039</td><td>2.46622</td></tr><tr><th>Non zeros</th><td>1524</td><td>1524</td><td>1524</td><td>1524</td></tr><tr><th>Non zeros average</th><td>0.659619</td><td>0.279548</td><td>0.0608336</td><td>1</td></tr><tr><th>Weighted non zeros average</th><td>0.62996</td><td>0.311001</td><td>0.059039</td><td>2.46622</td></tr><tr><th>Minimum</th><td>9.58902e-05</td><td>0.000362021</td><td>4.89141e-74</td><td>0.190419</td></tr><tr><th>Maximum</th><td>0.998487</td><td>0.999904</td><td>0.724539</td><td>18.702</td></tr></table><h2>Detailed records</h2><table border='1'>
<tr><th>Row</th><th>01 Prob CAR</th><th>02 Prob PT</th><th>03 Prob SM</th><th>__weight</th></tr><tr><td>1</td><td>0.947788</td><td>0.0380555</td><td>0.0141565</td><td>0.935106</td></tr><tr><td>2</td><td>0.881762</td><td>0.11767</td><td>0.000568086</td><td>0.395506</td></tr><tr><td>3</td><td>0.597563</td><td>0.310568</td><td>0.0918698</td><td>2.1488</td></tr><tr><td>4</td><td>0.262779</td><td>0.737221</td><td>1.16969e-07</td><td>11.7966</td></tr><tr><td>5</td><td>0.614656</td><td>0.217259</td><td>0.168085</td><td>0.90884</td></tr><tr><td>6</td><td>0.472916</td><td>0.521934</td><td>0.00515013</td><td>1.01042</td></tr><tr><td>7</td><td>0.951266</td><td>0.0454283</td><td>0.00330583</td><td>1.01042</td></tr><tr><td>8</td><td>0.584573</td><td>0.396666</td><td>0.0187611</td><td>0.841094</td></tr><tr><td>9</td><td>0.542313</td><td>0.103452</td><td>0.354236</td><td>0.637262</td></tr><tr><td>10</td><td>0.578983</td><td>0.409731</td><td>0.0112856</td><td>0.793536</td></tr><tr><td>11</td><td>0.377405</td><td>0.620428</td><td>0.00216667</td><td>2.1488</td></tr><tr><td>12</td><td>0.709828</td><td>0.290036</td><td>0.000136254</td><td>0.31061</td></tr><tr><td>13</td><td>0.983653</td><td>0.00554479</td><td>0.0108024</td><td>0.793536</td></tr><tr><td>14</td><td>0.830223</td><td>0.169732</td><td>4.51135e-05</td><td>0.793536</td></tr><tr><td>15</td><td>0.0115423</td><td>0.988458</td><td>9.10757e-24</td><td>0.573194</td></tr><tr><td>16</td><td>0.745903</td><td>0.254097</td><td>6.42458e-07</td><td>0.242531</td></tr><tr><td>17</td><td>0.888313</td><td>0.0306879</td><td>0.0809991</td><td>0.90884</td></tr><tr><td>18</td><td>0.696904</td><td>0.166341</td><td>0.136755</td><td>1.01042</td></tr><tr><td>19</td><td>0.27501</td><td>0.72499</td><td>9.742e-18</td><td>1.01042</td></tr><tr><td>20</td><td>0.456973</td><td>0.543026</td><td>1.31177e-06</td><td>1.01042</td></tr><tr><td>21</td><td>0.509436</td><td>0.461818</td><td>0.028746</td><td>2.38897</td></tr><tr><td>22</td><td>0.549007</td><td>0.426155</td><td>0.0248385</td><td>0.793536</td></tr><tr><td>23</td><td>0.971587</td><td>0.0283467</td><td>6.62048e-05</td><td>2.1488</td></tr><tr><td>24</td><td>0.139381</td><td>0.860619</td><td>2.38249e-07</td><td>0.637262</td></tr><tr><td>25</td><td>0.697286</td><td>0.274434</td><td>0.0282805</td><td>0.90884</td></tr><tr><td>26</td><td>0.895258</td><td>0.0552912</td><td>0.0494505</td><td>3.63582</td></tr><tr><td>27</td><td>0.671168</td><td>0.327813</td><td>0.00101902</td><td>0.269531</td></tr><tr><td>28</td><td>0.908282</td><td>0.0917178</td><td>8.31855e-08</td><td>1.01042</td></tr><tr><td>29</td><td>0.854636</td><td>0.0670862</td><td>0.0782775</td><td>0.637262</td></tr><tr><td>30</td><td>0.687916</td><td>0.290677</td><td>0.0214074</td><td>0.269531</td></tr><tr><td>31</td><td>0.566175</td><td>0.433725</td><td>0.000100743</td><td>2.38897</td></tr><tr><td>32</td><td>0.684772</td><td>0.0608321</td><td>0.254396</td><td>0.90884</td></tr><tr><td>33</td><td>0.981837</td><td>0.0176563</td><td>0.000507159</td><td>0.242531</td></tr><tr><td>34</td><td>0.783828</td><td>0.216164</td><td>8.57556e-06</td><td>0.211659</td></tr><tr><td>35</td><td>0.436222</td><td>0.563778</td><td>9.97078e-20</td><td>0.395506</td></tr><tr><td>36</td><td>0.45514</td><td>0.46561</td><td>0.0792501</td><td>0.90884</td></tr><tr><td>37</td><td>0.610343</td><td>0.389654</td><td>3.44378e-06</td><td>1.01042</td></tr><tr><td>38</td><td>0.990033</td><td>0.00996713</td><td>3.46259e-07</td><td>0.395506</td></tr><tr><td>39</td><td>0.445754</td><td>0.483518</td><td>0.0707283</td><td>2.1488</td></tr><tr><td>40</td><td>0.741223</td><td>0.205996</td><td>0.0527812</td><td>18.702</td></tr><tr><td>41</td><td>0.387973</td><td>0.558947</td><td>0.0530801</td><td>1.01042</td></tr><tr><td>42</td><td>0.877036</td><td>0.0471141</td><td>0.0758503</td><td>0.90884</td></tr><tr><td>43</td><td>0.524402</td><td>0.19607</td><td>0.279528</td><td>1.01042</td></tr><tr><td>44</td><td>0.717003</td><td>0.282995</td><td>1.84464e-06</td><td>0.395506</td></tr><tr><td>45</td><td>0.675743</td><td>0.324243</td><td>1.43928e-05</td><td>2.38897</td></tr><tr><td>46</td><td>0.471301</td><td>0.364507</td><td>0.164192</td><td>0.269531</td></tr><tr><td>47</td><td>0.759922</td><td>0.217485</td><td>0.0225928</td><td>2.1488</td></tr><tr><td>48</td><td>0.347278</td><td>0.401097</td><td>0.251625</td><td>0.90884</td></tr><tr><td>49</td><td>0.921712</td><td>0.0782873</td><td>1.22157e-06</td><td>0.269531</td></tr><tr><td>50</td><td>0.924791</td><td>0.0734292</td><td>0.00177949</td><td>0.242531</td></tr><tr><td>51</td><td>0.91308</td><td>0.0867442</td><td>0.000176278</td><td>1.01042</td></tr><tr><td>52</td><td>0.67484</td><td>0.318069</td><td>0.00709033</td><td>0.395506</td></tr><tr><td>53</td><td>0.89824</td><td>0.10176</td><td>2.17552e-15</td><td>0.793536</td></tr><tr><td>54</td><td>0.407239</td><td>0.278859</td><td>0.313903</td><td>0.573194</td></tr><tr><td>55</td><td>0.682212</td><td>0.0219561</td><td>0.295832</td><td>1.01042</td></tr><tr><td>56</td><td>0.610373</td><td>0.354847</td><td>0.0347794</td><td>1.01042</td></tr><tr><td>57</td><td>0.459868</td><td>0.168745</td><td>0.371387</td><td>0.395506</td></tr><tr><td>58</td><td>0.799672</td><td>0.160532</td><td>0.0397958</td><td>0.90884</td></tr><tr><td>59</td><td>0.759748</td><td>0.112876</td><td>0.127376</td><td>0.355743</td></tr><tr><td>60</td><td>0.517479</td><td>0.437401</td><td>0.0451203</td><td>0.269531</td></tr><tr><td>61</td><td>0.883007</td><td>0.0737326</td><td>0.0432599</td><td>2.38897</td></tr><tr><td>62</td><td>0.483315</td><td>0.516428</td><td>0.000257309</td><td>0.793536</td></tr><tr><td>63</td><td>0.112557</td><td>0.887443</td><td>5.0399e-13</td><td>0.242531</td></tr><tr><td>64</td><td>0.0242691</td><td>0.975115</td><td>0.000616144</td><td>0.573194</td></tr><tr><td>65</td><td>0.694781</td><td>0.0550562</td><td>0.250163</td><td>0.242531</td></tr><tr><td>66</td><td>0.953185</td><td>0.0466725</td><td>0.000142076</td><td>0.242531</td></tr><tr><td>67</td><td>0.53921</td><td>0.176476</td><td>0.284313</td><td>0.637262</td></tr><tr><td>68</td><td>0.409897</td><td>0.589645</td><td>0.00045783</td><td>0.637262</td></tr><tr><td>69</td><td>0.643174</td><td>0.276503</td><td>0.0803221</td><td>0.269531</td></tr><tr><td>70</td><td>0.295485</td><td>0.704515</td><td>2.81714e-07</td><td>1.87327</td></tr><tr><td>71</td><td>0.0202524</td><td>0.979748</td><td>1.34088e-15</td><td>5.42226</td></tr><tr><td>72</td><td>0.685977</td><td>0.273645</td><td>0.0403782</td><td>0.573194</td></tr><tr><td>73</td><td>0.560388</td><td>0.212755</td><td>0.226857</td><td>0.211659</td></tr><tr><td>74</td><td>0.757756</td><td>0.241854</td><td>0.000389648</td><td>0.713758</td></tr><tr><td>75</td><td>0.61705</td><td>0.279799</td><td>0.103151</td><td>2.1488</td></tr><tr><td>76</td><td>0.910795</td><td>0.0504115</td><td>0.0387937</td><td>0.90884</td></tr><tr><td>77</td><td>0.786383</td><td>0.124107</td><td>0.0895102</td><td>1.01042</td></tr><tr><td>78</td><td>0.767879</td><td>0.228983</td><td>0.00313766</td><td>0.269531</td></tr><tr><td>79</td><td>0.344602</td><td>0.174316</td><td>0.481082</td><td>0.269531</td></tr><tr><td>80</td><td>0.589211</td><td>0.241387</td><td>0.169402</td><td>1.01042</td></tr><tr><td>81</td><td>0.967236</td><td>0.0186731</td><td>0.0140905</td><td>1.01042</td></tr><tr><td>82</td><td>0.984778</td><td>0.0152224</td><td>3.30975e-08</td><td>0.90884</td></tr><tr><td>83</td><td>0.814323</td><td>0.17757</td><td>0.00810691</td><td>2.1488</td></tr><tr><td>84</td><td>0.971425</td><td>0.018871</td><td>0.00970353</td><td>2.38897</td></tr><tr><td>85</td><td>0.0315268</td><td>0.961926</td><td>0.00654721</td><td>2.1488</td></tr><tr><td>86</td><td>0.800091</td><td>0.198616</td><td>0.00129275</td><td>0.269531</td></tr><tr><td>87</td><td>0.455392</td><td>0.541189</td><td>0.00341909</td><td>2.1488</td></tr><tr><td>88</td><td>0.332987</td><td>0.664543</td><td>0.00246909</td><td>0.242531</td></tr><tr><td>89</td><td>0.976552</td><td>0.0234183</td><td>2.98046e-05</td><td>0.573194</td></tr><tr><td>90</td><td>0.900668</td><td>0.088423</td><td>0.0109087</td><td>1.35539</td></tr><tr><td>91</td><td>0.782205</td><td>0.217794</td><td>3.96897e-07</td><td>0.269531</td></tr><tr><td>92</td><td>0.461729</td><td>0.507936</td><td>0.0303349</td><td>0.90884</td></tr><tr><td>93</td><td>0.977425</td><td>0.0221964</td><td>0.000378894</td><td>0.90884</td></tr><tr><td>94</td><td>0.796127</td><td>0.145179</td><td>0.0586939</td><td>1.01042</td></tr><tr><td>95</td><td>0.854076</td><td>0.144285</td><td>0.00163867</td><td>0.637262</td></tr><tr><td>96</td><td>0.86822</td><td>0.073615</td><td>0.0581647</td><td>0.90884</td></tr><tr><td>97</td><td>0.702078</td><td>0.181668</td><td>0.116254</td><td>1.01042</td></tr><tr><td>98</td><td>0.305555</td><td>0.694445</td><td>2.8241e-09</td><td>0.90884</td></tr><tr><td>99</td><td>0.711592</td><td>0.239081</td><td>0.049328</td><td>0.90884</td></tr><tr><td>100</td><td>0.801556</td><td>0.148621</td><td>0.0498236</td><td>3.63582</td></tr><tr><td>101</td><td>0.543897</td><td>0.456089</td><td>1.39687e-05</td><td>1.01042</td></tr><tr><td>102</td><td>0.798572</td><td>0.199948</td><td>0.0014805</td><td>0.90884</td></tr><tr><td>103</td><td>0.920675</td><td>0.0510221</td><td>0.0283033</td><td>1.01042</td></tr><tr><td>104</td><td>0.453451</td><td>0.397114</td><td>0.149435</td><td>0.269531</td></tr><tr><td>105</td><td>0.879888</td><td>0.111264</td><td>0.00884824</td><td>2.1488</td></tr><tr><td>106</td><td>0.765467</td><td>0.193444</td><td>0.0410896</td><td>0.395506</td></tr><tr><td>107</td><td>0.444443</td><td>0.554807</td><td>0.000749529</td><td>0.713758</td></tr><tr><td>108</td><td>0.756423</td><td>0.176305</td><td>0.0672722</td><td>0.211659</td></tr><tr><td>109</td><td>0.937262</td><td>0.0451544</td><td>0.0175841</td><td>0.90884</td></tr><tr><td>110</td><td>0.925946</td><td>0.0172477</td><td>0.0568065</td><td>2.1488</td></tr><tr><td>111</td><td>0.0485077</td><td>0.951492</td><td>3.15673e-25</td><td>0.793536</td></tr><tr><td>112</td><td>0.609708</td><td>0.384336</td><td>0.0059563</td><td>0.90884</td></tr><tr><td>113</td><td>0.945661</td><td>0.0543369</td><td>2.25428e-06</td><td>0.31061</td></tr><tr><td>114</td><td>0.453267</td><td>0.54594</td><td>0.00079306</td><td>2.1488</td></tr><tr><td>115</td><td>0.48681</td><td>0.360152</td><td>0.153038</td><td>0.713758</td></tr><tr><td>116</td><td>0.992543</td><td>0.00686537</td><td>0.000591562</td><td>0.242531</td></tr><tr><td>117</td><td>0.403956</td><td>0.313945</td><td>0.282099</td><td>0.395506</td></tr><tr><td>118</td><td>0.496109</td><td>0.430985</td><td>0.0729061</td><td>0.269531</td></tr><tr><td>119</td><td>0.467576</td><td>0.21361</td><td>0.318814</td><td>0.190419</td></tr><tr><td>120</td><td>0.253472</td><td>0.746464</td><td>6.35864e-05</td><td>0.361552</td></tr><tr><td>121</td><td>0.33877</td><td>0.624466</td><td>0.0367643</td><td>0.242531</td></tr><tr><td>122</td><td>0.426882</td><td>0.28011</td><td>0.293008</td><td>0.242531</td></tr><tr><td>123</td><td>0.688663</td><td>0.308663</td><td>0.00267469</td><td>1.01042</td></tr><tr><td>124</td><td>0.79535</td><td>0.20463</td><td>2.04945e-05</td><td>0.637262</td></tr><tr><td>125</td><td>0.0402079</td><td>0.943427</td><td>0.0163652</td><td>0.637262</td></tr><tr><td>126</td><td>0.945054</td><td>0.0372309</td><td>0.0177155</td><td>0.242531</td></tr><tr><td>127</td><td>0.959899</td><td>0.015179</td><td>0.0249216</td><td>0.90884</td></tr><tr><td>128</td><td>0.924981</td><td>0.0750187</td><td>8.75949e-13</td><td>0.395506</td></tr><tr><td>129</td><td>0.936633</td><td>0.0102341</td><td>0.0531324</td><td>0.841094</td></tr><tr><td>130</td><td>0.564597</td><td>0.153298</td><td>0.282105</td><td>1.01042</td></tr><tr><td>131</td><td>0.491207</td><td>0.502568</td><td>0.00622583</td><td>0.90884</td></tr><tr><td>132</td><td>0.818145</td><td>0.181817</td><td>3.78895e-05</td><td>0.499696</td></tr><tr><td>133</td><td>0.753469</td><td>0.245375</td><td>0.00115581</td><td>0.841094</td></tr><tr><td>134</td><td>0.824258</td><td>0.173937</td><td>0.00180438</td><td>0.355743</td></tr><tr><td>135</td><td>0.85265</td><td>0.13727</td><td>0.0100801</td><td>0.269531</td></tr><tr><td>136</td><td>0.989903</td><td>0.00978493</td><td>0.000312538</td><td>0.90884</td></tr><tr><td>137</td><td>0.721933</td><td>0.121037</td><td>0.157029</td><td>3.17455</td></tr><tr><td>138</td><td>0.892592</td><td>0.107406</td><td>2.01935e-06</td><td>0.90884</td></tr><tr><td>139</td><td>0.300385</td><td>0.699613</td><td>2.87524e-06</td><td>0.242531</td></tr><tr><td>140</td><td>0.399965</td><td>0.42371</td><td>0.176325</td><td>0.269531</td></tr><tr><td>141</td><td>0.84994</td><td>0.149945</td><td>0.00011518</td><td>0.242531</td></tr><tr><td>142</td><td>0.843732</td><td>0.0890497</td><td>0.0672181</td><td>0.90884</td></tr><tr><td>143</td><td>0.921779</td><td>0.0754252</td><td>0.00279624</td><td>2.38897</td></tr><tr><td>144</td><td>0.350083</td><td>0.175593</td><td>0.474324</td><td>1.01042</td></tr><tr><td>145</td><td>0.0885036</td><td>0.911496</td><td>1.17944e-28</td><td>0.90884</td></tr><tr><td>146</td><td>0.879483</td><td>0.0403277</td><td>0.080189</td><td>0.90884</td></tr><tr><td>147</td><td>0.893771</td><td>0.0713008</td><td>0.0349285</td><td>0.269531</td></tr><tr><td>148</td><td>0.682666</td><td>0.298001</td><td>0.019333</td><td>4.04221</td></tr><tr><td>149</td><td>0.845447</td><td>0.154542</td><td>1.11644e-05</td><td>0.355743</td></tr><tr><td>150</td><td>0.471092</td><td>0.52495</td><td>0.00395759</td><td>0.190419</td></tr><tr><td>151</td><td>0.594555</td><td>0.377961</td><td>0.0274841</td><td>0.31061</td></tr><tr><td>152</td><td>0.692281</td><td>0.263946</td><td>0.0437736</td><td>0.242531</td></tr><tr><td>153</td><td>0.913975</td><td>0.0857063</td><td>0.000318723</td><td>2.1488</td></tr><tr><td>154</td><td>0.591422</td><td>0.394016</td><td>0.0145624</td><td>0.211659</td></tr><tr><td>155</td><td>0.384218</td><td>0.615665</td><td>0.000117031</td><td>0.269531</td></tr><tr><td>156</td><td>0.616631</td><td>0.382587</td><td>0.000782322</td><td>0.355743</td></tr><tr><td>157</td><td>0.460405</td><td>0.536137</td><td>0.00345767</td><td>2.1488</td></tr><tr><td>158</td><td>0.798561</td><td>0.201378</td><td>6.06977e-05</td><td>0.211659</td></tr><tr><td>159</td><td>0.986212</td><td>0.0134892</td><td>0.000298713</td><td>0.793536</td></tr><tr><td>160</td><td>0.220831</td><td>0.779082</td><td>8.7074e-05</td><td>0.637262</td></tr><tr><td>161</td><td>0.20489</td><td>0.549762</td><td>0.245349</td><td>0.242531</td></tr><tr><td>162</td><td>0.88678</td><td>0.0772608</td><td>0.0359594</td><td>0.90884</td></tr><tr><td>163</td><td>0.323492</td><td>0.427429</td><td>0.24908</td><td>0.269531</td></tr><tr><td>164</td><td>0.548171</td><td>0.246727</td><td>0.205102</td><td>0.31061</td></tr><tr><td>165</td><td>0.62608</td><td>0.102477</td><td>0.271443</td><td>1.01042</td></tr><tr><td>166</td><td>0.976654</td><td>0.0178627</td><td>0.00548307</td><td>0.90884</td></tr><tr><td>167</td><td>0.907171</td><td>0.0627766</td><td>0.0300529</td><td>0.90884</td></tr><tr><td>168</td><td>0.670836</td><td>0.329116</td><td>4.83706e-05</td><td>0.90884</td></tr><tr><td>169</td><td>0.921497</td><td>0.0662105</td><td>0.0122921</td><td>0.90884</td></tr><tr><td>170</td><td>0.796426</td><td>0.203569</td><td>4.8704e-06</td><td>1.87327</td></tr><tr><td>171</td><td>0.985648</td><td>0.0143515</td><td>1.35239e-12</td><td>1.01042</td></tr><tr><td>172</td><td>0.736623</td><td>0.127218</td><td>0.136159</td><td>0.395506</td></tr><tr><td>173</td><td>0.687354</td><td>0.311979</td><td>0.000666882</td><td>0.793536</td></tr><tr><td>174</td><td>0.689632</td><td>0.26351</td><td>0.0468581</td><td>0.242531</td></tr><tr><td>175</td><td>0.23748</td><td>0.76252</td><td>9.48026e-11</td><td>0.841094</td></tr><tr><td>176</td><td>0.352462</td><td>0.321361</td><td>0.326178</td><td>0.242531</td></tr><tr><td>177</td><td>0.32781</td><td>0.671807</td><td>0.000382508</td><td>0.90884</td></tr><tr><td>178</td><td>0.569635</td><td>0.216965</td><td>0.2134</td><td>0.211659</td></tr><tr><td>179</td><td>0.995515</td><td>0.00448456</td><td>8.529e-09</td><td>0.395506</td></tr><tr><td>180</td><td>0.304386</td><td>0.486838</td><td>0.208777</td><td>0.395506</td></tr><tr><td>181</td><td>0.474477</td><td>0.52548</td><td>4.25062e-05</td><td>0.90884</td></tr><tr><td>182</td><td>0.960507</td><td>0.0394299</td><td>6.35503e-05</td><td>0.90884</td></tr><tr><td>183</td><td>0.415686</td><td>0.554581</td><td>0.0297331</td><td>0.713758</td></tr><tr><td>184</td><td>0.0178746</td><td>0.982125</td><td>1.09447e-41</td><td>0.793536</td></tr><tr><td>185</td><td>0.636021</td><td>0.363975</td><td>3.04513e-06</td><td>1.01042</td></tr><tr><td>186</td><td>0.348194</td><td>0.298007</td><td>0.353798</td><td>0.269531</td></tr><tr><td>187</td><td>0.526436</td><td>0.168792</td><td>0.304772</td><td>0.211659</td></tr><tr><td>188</td><td>0.779956</td><td>0.21478</td><td>0.00526422</td><td>0.793536</td></tr><tr><td>189</td><td>0.497842</td><td>0.500793</td><td>0.00136581</td><td>0.395506</td></tr><tr><td>190</td><td>0.359613</td><td>0.579828</td><td>0.0605598</td><td>0.269531</td></tr><tr><td>191</td><td>0.49221</td><td>0.507034</td><td>0.000755775</td><td>2.1488</td></tr><tr><td>192</td><td>0.554171</td><td>0.439554</td><td>0.00627544</td><td>0.242531</td></tr><tr><td>193</td><td>0.862576</td><td>0.129293</td><td>0.00813155</td><td>1.01042</td></tr><tr><td>194</td><td>0.967452</td><td>0.0240805</td><td>0.00846707</td><td>0.573194</td></tr><tr><td>195</td><td>0.471669</td><td>0.377431</td><td>0.1509</td><td>2.1488</td></tr><tr><td>196</td><td>0.460465</td><td>0.347194</td><td>0.192341</td><td>0.242531</td></tr><tr><td>197</td><td>0.685771</td><td>0.301168</td><td>0.0130601</td><td>1.01042</td></tr><tr><td>198</td><td>0.119908</td><td>0.880092</td><td>2.62383e-09</td><td>6.02832</td></tr><tr><td>199</td><td>0.801265</td><td>0.165617</td><td>0.0331174</td><td>0.269531</td></tr><tr><td>200</td><td>0.655572</td><td>0.13545</td><td>0.208978</td><td>0.637262</td></tr><tr><td>201</td><td>0.33189</td><td>0.494821</td><td>0.173289</td><td>0.713758</td></tr><tr><td>202</td><td>0.871488</td><td>0.0150246</td><td>0.113488</td><td>1.01042</td></tr><tr><td>203</td><td>0.918437</td><td>0.0644505</td><td>0.0171126</td><td>0.269531</td></tr><tr><td>204</td><td>0.443375</td><td>0.556617</td><td>8.03542e-06</td><td>0.269531</td></tr><tr><td>205</td><td>0.97631</td><td>0.0236441</td><td>4.57558e-05</td><td>0.395506</td></tr><tr><td>206</td><td>0.434508</td><td>0.565491</td><td>5.15366e-07</td><td>2.38897</td></tr><tr><td>207</td><td>0.384647</td><td>0.615353</td><td>1.56965e-22</td><td>0.269531</td></tr><tr><td>208</td><td>0.810863</td><td>0.189137</td><td>2.31149e-19</td><td>0.395506</td></tr><tr><td>209</td><td>0.815908</td><td>0.184065</td><td>2.702e-05</td><td>0.573194</td></tr><tr><td>210</td><td>0.913178</td><td>0.0821025</td><td>0.00471896</td><td>1.01042</td></tr><tr><td>211</td><td>0.936954</td><td>0.0528287</td><td>0.0102176</td><td>0.242531</td></tr><tr><td>212</td><td>0.708264</td><td>0.290486</td><td>0.00125031</td><td>1.01042</td></tr><tr><td>213</td><td>0.943477</td><td>0.0181958</td><td>0.0383277</td><td>0.90884</td></tr><tr><td>214</td><td>0.472238</td><td>0.429786</td><td>0.0979769</td><td>0.90884</td></tr><tr><td>215</td><td>0.110946</td><td>0.889054</td><td>1.16309e-11</td><td>5.42226</td></tr><tr><td>216</td><td>0.735819</td><td>0.206287</td><td>0.0578941</td><td>0.395506</td></tr><tr><td>217</td><td>0.454635</td><td>0.545349</td><td>1.59705e-05</td><td>0.90884</td></tr><tr><td>218</td><td>0.755294</td><td>0.236826</td><td>0.00788008</td><td>0.211659</td></tr><tr><td>219</td><td>0.943391</td><td>0.0331821</td><td>0.0234274</td><td>0.841094</td></tr><tr><td>220</td><td>0.470224</td><td>0.526482</td><td>0.00329416</td><td>0.90884</td></tr><tr><td>221</td><td>0.630579</td><td>0.191437</td><td>0.177984</td><td>4.04221</td></tr><tr><td>222</td><td>0.630055</td><td>0.175207</td><td>0.194739</td><td>0.242531</td></tr><tr><td>223</td><td>0.225353</td><td>0.666973</td><td>0.107674</td><td>0.355743</td></tr><tr><td>224</td><td>0.649226</td><td>0.337033</td><td>0.0137409</td><td>0.793536</td></tr><tr><td>225</td><td>0.395024</td><td>0.313353</td><td>0.291623</td><td>0.242531</td></tr><tr><td>226</td><td>0.150241</td><td>0.849759</td><td>1.53875e-36</td><td>1.01042</td></tr><tr><td>227</td><td>0.219513</td><td>0.780487</td><td>1.17745e-14</td><td>0.637262</td></tr><tr><td>228</td><td>0.9425</td><td>0.0574996</td><td>2.66392e-24</td><td>1.01042</td></tr><tr><td>229</td><td>0.94503</td><td>0.047366</td><td>0.00760437</td><td>0.190419</td></tr><tr><td>230</td><td>0.974938</td><td>0.0245774</td><td>0.000484754</td><td>0.573194</td></tr><tr><td>231</td><td>0.702078</td><td>0.181668</td><td>0.116254</td><td>1.01042</td></tr><tr><td>232</td><td>0.504172</td><td>0.107938</td><td>0.38789</td><td>0.269531</td></tr><tr><td>233</td><td>0.494298</td><td>0.493523</td><td>0.0121787</td><td>2.1488</td></tr><tr><td>234</td><td>0.331662</td><td>0.281901</td><td>0.386437</td><td>1.01042</td></tr><tr><td>235</td><td>0.27778</td><td>0.722188</td><td>3.20688e-05</td><td>0.793536</td></tr><tr><td>236</td><td>0.967693</td><td>0.0295444</td><td>0.00276237</td><td>0.713758</td></tr><tr><td>237</td><td>0.837932</td><td>0.141404</td><td>0.020664</td><td>0.211659</td></tr><tr><td>238</td><td>0.93466</td><td>0.0612632</td><td>0.00407664</td><td>1.01042</td></tr><tr><td>239</td><td>0.483733</td><td>0.468437</td><td>0.0478303</td><td>0.31061</td></tr><tr><td>240</td><td>0.754854</td><td>0.239025</td><td>0.0061204</td><td>0.573194</td></tr><tr><td>241</td><td>0.842044</td><td>0.157956</td><td>9.80413e-20</td><td>0.269531</td></tr><tr><td>242</td><td>0.929102</td><td>0.025612</td><td>0.0452865</td><td>0.269531</td></tr><tr><td>243</td><td>0.252414</td><td>0.747586</td><td>7.18406e-12</td><td>0.395506</td></tr><tr><td>244</td><td>0.893163</td><td>0.106837</td><td>8.22118e-36</td><td>0.793536</td></tr><tr><td>245</td><td>0.706693</td><td>0.0193902</td><td>0.273917</td><td>2.1488</td></tr><tr><td>246</td><td>0.943706</td><td>0.0562496</td><td>4.38964e-05</td><td>0.90884</td></tr><tr><td>247</td><td>0.991004</td><td>0.00733538</td><td>0.00166074</td><td>0.355743</td></tr><tr><td>248</td><td>0.351599</td><td>0.648395</td><td>5.65141e-06</td><td>0.841094</td></tr><tr><td>249</td><td>0.401002</td><td>0.366349</td><td>0.23265</td><td>3.63582</td></tr><tr><td>250</td><td>0.000324527</td><td>0.999675</td><td>5.9584e-13</td><td>2.38897</td></tr><tr><td>251</td><td>0.848272</td><td>0.125714</td><td>0.0260135</td><td>0.211659</td></tr><tr><td>252</td><td>0.374872</td><td>0.617945</td><td>0.00718306</td><td>1.01042</td></tr><tr><td>253</td><td>0.143745</td><td>0.855922</td><td>0.00033329</td><td>5.42226</td></tr><tr><td>254</td><td>0.613848</td><td>0.374302</td><td>0.01185</td><td>1.01042</td></tr><tr><td>255</td><td>0.691997</td><td>0.177717</td><td>0.130286</td><td>2.38897</td></tr><tr><td>256</td><td>0.412096</td><td>0.587904</td><td>1.88274e-13</td><td>0.355743</td></tr><tr><td>257</td><td>0.700844</td><td>0.148908</td><td>0.150247</td><td>3.17455</td></tr><tr><td>258</td><td>0.985878</td><td>0.0141222</td><td>2.16186e-18</td><td>1.01042</td></tr><tr><td>259</td><td>0.597901</td><td>0.102493</td><td>0.299607</td><td>0.395506</td></tr><tr><td>260</td><td>0.594636</td><td>0.404491</td><td>0.000872841</td><td>0.211659</td></tr><tr><td>261</td><td>0.27595</td><td>0.72405</td><td>1.31966e-07</td><td>0.269531</td></tr><tr><td>262</td><td>0.564322</td><td>0.365308</td><td>0.0703706</td><td>0.90884</td></tr><tr><td>263</td><td>0.926385</td><td>0.0403908</td><td>0.0332243</td><td>0.573194</td></tr><tr><td>264</td><td>0.814925</td><td>0.173914</td><td>0.0111607</td><td>0.269531</td></tr><tr><td>265</td><td>0.710297</td><td>0.279533</td><td>0.0101701</td><td>0.269531</td></tr><tr><td>266</td><td>0.610358</td><td>0.171124</td><td>0.218518</td><td>0.637262</td></tr><tr><td>267</td><td>0.578683</td><td>0.412347</td><td>0.00897019</td><td>0.90884</td></tr><tr><td>268</td><td>0.760017</td><td>0.217674</td><td>0.022309</td><td>0.269531</td></tr><tr><td>269</td><td>0.193603</td><td>0.801784</td><td>0.00461332</td><td>1.01042</td></tr><tr><td>270</td><td>0.226352</td><td>0.120727</td><td>0.652921</td><td>0.242531</td></tr><tr><td>271</td><td>0.594138</td><td>0.405733</td><td>0.000129115</td><td>1.01042</td></tr><tr><td>272</td><td>0.966375</td><td>0.0335651</td><td>5.98818e-05</td><td>0.395506</td></tr><tr><td>273</td><td>0.813599</td><td>0.186362</td><td>3.92231e-05</td><td>1.01042</td></tr><tr><td>274</td><td>0.6718</td><td>0.327339</td><td>0.000861057</td><td>0.573194</td></tr><tr><td>275</td><td>0.956394</td><td>0.0436057</td><td>6.00657e-07</td><td>2.1488</td></tr><tr><td>276</td><td>0.660647</td><td>0.2115</td><td>0.127853</td><td>0.90884</td></tr><tr><td>277</td><td>0.464273</td><td>0.253031</td><td>0.282696</td><td>0.90884</td></tr><tr><td>278</td><td>0.311743</td><td>0.269703</td><td>0.418554</td><td>1.01042</td></tr><tr><td>279</td><td>0.234813</td><td>0.764824</td><td>0.000362691</td><td>0.713758</td></tr><tr><td>280</td><td>0.984485</td><td>0.0155147</td><td>2.76207e-12</td><td>0.573194</td></tr><tr><td>281</td><td>0.128087</td><td>0.871913</td><td>2.96281e-09</td><td>0.573194</td></tr><tr><td>282</td><td>0.599891</td><td>0.133951</td><td>0.266158</td><td>0.637262</td></tr><tr><td>283</td><td>0.61477</td><td>0.317013</td><td>0.0682178</td><td>0.242531</td></tr><tr><td>284</td><td>0.470952</td><td>0.164624</td><td>0.364424</td><td>1.01042</td></tr><tr><td>285</td><td>0.874276</td><td>0.12193</td><td>0.00379441</td><td>0.242531</td></tr><tr><td>286</td><td>0.81281</td><td>0.186856</td><td>0.000334316</td><td>0.793536</td></tr><tr><td>287</td><td>0.852301</td><td>0.0694861</td><td>0.0782126</td><td>1.01042</td></tr><tr><td>288</td><td>0.968418</td><td>0.000861898</td><td>0.0307203</td><td>0.573194</td></tr><tr><td>289</td><td>0.902583</td><td>0.0974148</td><td>2.3116e-06</td><td>0.573194</td></tr><tr><td>290</td><td>0.923596</td><td>0.0763533</td><td>5.09701e-05</td><td>0.90884</td></tr><tr><td>291</td><td>0.979997</td><td>0.020003</td><td>2.10878e-09</td><td>0.269531</td></tr><tr><td>292</td><td>0.749569</td><td>0.229457</td><td>0.0209739</td><td>0.713758</td></tr><tr><td>293</td><td>0.226335</td><td>0.773665</td><td>1.54617e-07</td><td>0.395506</td></tr><tr><td>294</td><td>0.210387</td><td>0.789584</td><td>2.84015e-05</td><td>1.01042</td></tr><tr><td>295</td><td>0.555937</td><td>0.20821</td><td>0.235854</td><td>0.90884</td></tr><tr><td>296</td><td>0.89256</td><td>0.0280163</td><td>0.0794238</td><td>0.269531</td></tr><tr><td>297</td><td>0.480542</td><td>0.117115</td><td>0.402343</td><td>0.269531</td></tr><tr><td>298</td><td>0.493911</td><td>0.506089</td><td>8.70452e-08</td><td>5.42226</td></tr><tr><td>299</td><td>0.891894</td><td>0.0608451</td><td>0.0472613</td><td>0.90884</td></tr><tr><td>300</td><td>0.552359</td><td>0.119719</td><td>0.327921</td><td>3.63582</td></tr><tr><td>301</td><td>0.750786</td><td>0.249214</td><td>7.42852e-13</td><td>2.38897</td></tr><tr><td>302</td><td>0.709697</td><td>0.273898</td><td>0.0164051</td><td>1.01042</td></tr><tr><td>303</td><td>0.581543</td><td>0.418457</td><td>9.85547e-56</td><td>0.31061</td></tr><tr><td>304</td><td>0.563395</td><td>0.326307</td><td>0.110298</td><td>0.31061</td></tr><tr><td>305</td><td>0.508061</td><td>0.226934</td><td>0.265005</td><td>0.90884</td></tr><tr><td>306</td><td>0.47434</td><td>0.52566</td><td>4.63931e-08</td><td>0.713758</td></tr><tr><td>307</td><td>0.936685</td><td>0.0164822</td><td>0.0468332</td><td>0.793536</td></tr><tr><td>308</td><td>0.362857</td><td>0.5803</td><td>0.0568427</td><td>2.1488</td></tr><tr><td>309</td><td>0.812752</td><td>0.105862</td><td>0.081385</td><td>0.713758</td></tr><tr><td>310</td><td>0.800154</td><td>0.164556</td><td>0.03529</td><td>0.31061</td></tr><tr><td>311</td><td>0.871286</td><td>0.128477</td><td>0.000236595</td><td>0.573194</td></tr><tr><td>312</td><td>0.00223547</td><td>0.997764</td><td>1.3634e-07</td><td>2.1488</td></tr><tr><td>313</td><td>0.754842</td><td>0.0714513</td><td>0.173707</td><td>0.395506</td></tr><tr><td>314</td><td>0.854077</td><td>0.145922</td><td>3.91435e-07</td><td>0.269531</td></tr><tr><td>315</td><td>0.899585</td><td>0.0224897</td><td>0.0779251</td><td>0.242531</td></tr><tr><td>316</td><td>0.956401</td><td>0.0114103</td><td>0.0321891</td><td>2.38897</td></tr><tr><td>317</td><td>0.476312</td><td>0.523667</td><td>2.15556e-05</td><td>0.355743</td></tr><tr><td>318</td><td>0.621706</td><td>0.191805</td><td>0.186489</td><td>0.573194</td></tr><tr><td>319</td><td>0.988366</td><td>0.0116342</td><td>1.0327e-07</td><td>2.38897</td></tr><tr><td>320</td><td>0.436584</td><td>0.228476</td><td>0.33494</td><td>1.01042</td></tr><tr><td>321</td><td>0.134474</td><td>0.803755</td><td>0.0617716</td><td>2.38897</td></tr><tr><td>322</td><td>0.935421</td><td>0.0627026</td><td>0.00187596</td><td>2.1488</td></tr><tr><td>323</td><td>0.966285</td><td>0.0322456</td><td>0.00146938</td><td>0.242531</td></tr><tr><td>324</td><td>0.834926</td><td>0.0502263</td><td>0.114847</td><td>0.841094</td></tr><tr><td>325</td><td>0.849225</td><td>0.0534153</td><td>0.0973595</td><td>2.1488</td></tr><tr><td>326</td><td>0.598101</td><td>0.401896</td><td>3.22616e-06</td><td>3.63582</td></tr><tr><td>327</td><td>0.834383</td><td>0.165195</td><td>0.000422354</td><td>0.90884</td></tr><tr><td>328</td><td>0.593175</td><td>0.33744</td><td>0.0693844</td><td>2.38897</td></tr><tr><td>329</td><td>0.338395</td><td>0.657871</td><td>0.00373399</td><td>0.935106</td></tr><tr><td>330</td><td>0.71052</td><td>0.289475</td><td>5.58049e-06</td><td>1.01042</td></tr><tr><td>331</td><td>0.973665</td><td>0.0263355</td><td>4.92325e-09</td><td>0.395506</td></tr><tr><td>332</td><td>0.920318</td><td>0.0227835</td><td>0.0568988</td><td>2.38897</td></tr><tr><td>333</td><td>0.839219</td><td>0.114367</td><td>0.0464135</td><td>0.242531</td></tr><tr><td>334</td><td>0.73519</td><td>0.257377</td><td>0.00743285</td><td>0.269531</td></tr><tr><td>335</td><td>0.54539</td><td>0.11574</td><td>0.33887</td><td>3.63582</td></tr><tr><td>336</td><td>0.786358</td><td>0.0976547</td><td>0.115987</td><td>0.90884</td></tr><tr><td>337</td><td>0.849923</td><td>0.129168</td><td>0.0209096</td><td>0.211659</td></tr><tr><td>338</td><td>0.172874</td><td>0.827117</td><td>9.3323e-06</td><td>0.90884</td></tr><tr><td>339</td><td>0.779408</td><td>0.220577</td><td>1.43735e-05</td><td>2.38897</td></tr><tr><td>340</td><td>0.0703714</td><td>0.929629</td><td>7.80388e-16</td><td>0.713758</td></tr><tr><td>341</td><td>0.83645</td><td>0.158272</td><td>0.00527719</td><td>0.269531</td></tr><tr><td>342</td><td>0.796974</td><td>0.135347</td><td>0.0676795</td><td>0.242531</td></tr><tr><td>343</td><td>0.880734</td><td>0.117019</td><td>0.00224681</td><td>0.573194</td></tr><tr><td>344</td><td>0.549237</td><td>0.0977969</td><td>0.352966</td><td>0.242531</td></tr><tr><td>345</td><td>0.686213</td><td>0.313728</td><td>5.84631e-05</td><td>0.90884</td></tr><tr><td>346</td><td>0.0945589</td><td>0.905436</td><td>5.07127e-06</td><td>0.355743</td></tr><tr><td>347</td><td>0.00267321</td><td>0.997327</td><td>4.69461e-37</td><td>0.242531</td></tr><tr><td>348</td><td>0.996761</td><td>0.00323908</td><td>4.66098e-13</td><td>0.573194</td></tr><tr><td>349</td><td>0.989774</td><td>0.0102256</td><td>1.98233e-09</td><td>2.38897</td></tr><tr><td>350</td><td>0.886263</td><td>0.113737</td><td>4.5901e-20</td><td>0.211659</td></tr><tr><td>351</td><td>0.597496</td><td>0.402453</td><td>5.01231e-05</td><td>0.449461</td></tr><tr><td>352</td><td>0.627034</td><td>0.218621</td><td>0.154345</td><td>1.01042</td></tr><tr><td>353</td><td>0.992401</td><td>0.00759894</td><td>1.63108e-08</td><td>0.269531</td></tr><tr><td>354</td><td>0.775125</td><td>0.172668</td><td>0.0522068</td><td>0.793536</td></tr><tr><td>355</td><td>0.632834</td><td>0.367166</td><td>7.27649e-08</td><td>0.242531</td></tr><tr><td>356</td><td>0.89166</td><td>0.10834</td><td>4.61431e-10</td><td>0.395506</td></tr><tr><td>357</td><td>0.00297646</td><td>0.997024</td><td>3.99955e-53</td><td>0.31061</td></tr><tr><td>358</td><td>0.879831</td><td>0.0225982</td><td>0.0975703</td><td>0.90884</td></tr><tr><td>359</td><td>0.458585</td><td>0.541415</td><td>7.82729e-19</td><td>0.269531</td></tr><tr><td>360</td><td>0.449455</td><td>0.550545</td><td>1.00257e-17</td><td>0.269531</td></tr><tr><td>361</td><td>0.966804</td><td>0.0303942</td><td>0.00280151</td><td>2.38897</td></tr><tr><td>362</td><td>0.950721</td><td>0.0484712</td><td>0.000807753</td><td>2.1488</td></tr><tr><td>363</td><td>0.528382</td><td>0.466159</td><td>0.00545877</td><td>1.01042</td></tr><tr><td>364</td><td>0.885837</td><td>0.092866</td><td>0.0212974</td><td>2.38897</td></tr><tr><td>365</td><td>0.667077</td><td>0.332793</td><td>0.000129298</td><td>0.190419</td></tr><tr><td>366</td><td>0.180219</td><td>0.818326</td><td>0.00145513</td><td>1.01042</td></tr><tr><td>367</td><td>0.41769</td><td>0.247933</td><td>0.334377</td><td>0.90884</td></tr><tr><td>368</td><td>0.906876</td><td>0.066394</td><td>0.02673</td><td>0.242531</td></tr><tr><td>369</td><td>0.784588</td><td>0.190508</td><td>0.0249042</td><td>0.242531</td></tr><tr><td>370</td><td>0.817918</td><td>0.182082</td><td>1.36472e-11</td><td>0.242531</td></tr><tr><td>371</td><td>0.421551</td><td>0.284351</td><td>0.294098</td><td>3.63582</td></tr><tr><td>372</td><td>0.639796</td><td>0.360191</td><td>1.26601e-05</td><td>1.01042</td></tr><tr><td>373</td><td>0.769888</td><td>0.190373</td><td>0.0397391</td><td>3.63582</td></tr><tr><td>374</td><td>0.93828</td><td>0.0511152</td><td>0.0106047</td><td>0.269531</td></tr><tr><td>375</td><td>0.841698</td><td>0.130215</td><td>0.0280866</td><td>0.713758</td></tr><tr><td>376</td><td>0.631023</td><td>0.327031</td><td>0.0419461</td><td>0.90884</td></tr><tr><td>377</td><td>0.641264</td><td>0.103602</td><td>0.255134</td><td>1.01042</td></tr><tr><td>378</td><td>0.362562</td><td>0.483863</td><td>0.153575</td><td>0.395506</td></tr><tr><td>379</td><td>0.89024</td><td>0.0895804</td><td>0.02018</td><td>0.242531</td></tr><tr><td>380</td><td>0.806756</td><td>0.153579</td><td>0.0396645</td><td>0.573194</td></tr><tr><td>381</td><td>0.856131</td><td>0.139068</td><td>0.00480073</td><td>0.279383</td></tr><tr><td>382</td><td>0.6723</td><td>0.0784705</td><td>0.249229</td><td>0.637262</td></tr><tr><td>383</td><td>0.921894</td><td>0.0533499</td><td>0.0247559</td><td>5.58763</td></tr><tr><td>384</td><td>0.0169093</td><td>0.983081</td><td>9.54047e-06</td><td>0.841094</td></tr><tr><td>385</td><td>0.947997</td><td>0.0520027</td><td>6.19293e-19</td><td>0.793536</td></tr><tr><td>386</td><td>0.618793</td><td>0.381203</td><td>3.52264e-06</td><td>0.395506</td></tr><tr><td>387</td><td>0.742069</td><td>0.197648</td><td>0.0602828</td><td>0.637262</td></tr><tr><td>388</td><td>0.888927</td><td>0.104346</td><td>0.00672633</td><td>0.269531</td></tr><tr><td>389</td><td>0.56721</td><td>0.426595</td><td>0.00619573</td><td>0.242531</