<!DOCTYPE HTML PUBLIC "-//W3C//DTD HTML 4.01 Transitional//EN">

<html>
<head>
<script src="http://transp-or.epfl.ch/biogeme/sorttable.js"></script>
<meta http-equiv='Content-Type' content='text/html; charset=utf-8' />
<title>simul_Model_4.html - Report from biogeme 2.6a [Sun Aug 26 15:54:37 BST 2018]</title>
<meta name="keywords" content="biogeme, discrete choice, random utility">
<meta name="description" content="Report from biogeme 2.6a [Sun Aug 26 15:54:37 BST 2018]">
<meta name="author" content="Michel Bierlaire">
<style type=text/css>
<!--table
.biostyle
	{font-size:10.0pt;
	font-weight:400;
	font-style:normal;
	font-family:Courier;}
.boundstyle
	{font-size:10.0pt;
	font-weight:400;
	font-style:normal;
	font-family:Courier;
        color:red}
-->
</style>
</head>

<body bgcolor="#ffffff">
<p>biogeme 2.6a [Sun Aug 26 15:54:37 BST 2018]</p>
<p>Home page: <a href='http://biogeme.epfl.ch' target='_blank'>http://biogeme.epfl.ch</a></p>
<p>Submit questions to <a href='https://groups.google.com/d/forum/biogeme' target='_blank'>https://groups.google.com/d/forum/biogeme</a></p>
<p><a href='http://people.epfl.ch/michel.bierlaire'>Michel Bierlaire</a>, <a href='http://transp-or.epfl.ch'>Transport and Mobility Laboratory</a>, <a href='http://www.epfl.ch'>Ecole Polytechnique F&eacute;d&eacute;rale de Lausanne (EPFL)</a></p>
<p>This file has automatically been generated on
Thu Dec 13 18:06:11 2018</p>
<p>If you drag this HTML file into the Calc application of <a href='http://www.openoffice.org/' target='_blank'>OpenOffice</a>, or the spreadsheet of <a href='https://www.libreoffice.org/' target='_blank'>LibreOffice</a>, you will be able to perform additional calculations.</p><table><tr class=biostyle><td align=right><strong>Report file</strong>:	</td><td>simul_Model_4.html</td></tr><tr class=biostyle><td align=right><strong>Sample file</strong>:	</td><td>__bin_optimaDataset_6.dat</td></tr></table><h1>Formulas</h1>
<table border="0">
<tr class=biostyle><td align=right><strong><em>Car utility:</em></strong>	</td><td><em>ASC_CAR * one + BETA_COST_SHARE_CAR * CostCarShare_norm + ( BETA_TIME_CAR * ( ( TimeCar ^ LAMBDA_TIME_CAR ) - ( 1 ) ) ) / LAMBDA_TIME_CAR + BETA_NbCar * NbCars + BETA_NbChild * NbChildren + BETA_LANGUAGE * FrenchRegion + BETA_WorkTrip * WORK</em></td></tr><tr class=biostyle><td align=right><strong><em>PT utility:</em></strong>	</td><td><em>BETA_COST_SHARE_PT * CostPTShare_norm + ( BETA_TIME_PT * ( ( TimePT ^ LAMBDA_TIME_PT ) - ( 1 ) ) ) / LAMBDA_TIME_PT + BETA_Urban * URBAN + BETA_Student * STUDENT</em></td></tr><tr class=biostyle><td align=right><strong><em>SM utility:</em></strong>	</td><td><em>ASC_SM * one + ( ASC_DIST + BETA_DIST_YOUNG * AgeYoung + BETA_DIST_ADULT * AgeAdult + BETA_DIST_OLD * AgeOld ) * distance_km + BETA_Nbikes * NbBikes</em></td></tr></table>
<h1>Statistics</h1>
<table border="0">
<tr class=biostyle><td align=right><strong><em>Alt. 0 available:</em></strong>	</td><td><em>1524</em></td></tr><tr class=biostyle><td align=right><strong><em>Alt. 0 chosen:</em></strong>	</td><td><em>418</em></td></tr><tr class=biostyle><td align=right><strong><em>Alt. 1 available:</em></strong>	</td><td><em>1524</em></td></tr><tr class=biostyle><td align=right><strong><em>Alt. 1 chosen:</em></strong>	</td><td><em>1013</em></td></tr><tr class=biostyle><td align=right><strong><em>Alt. 2 available:</em></strong>	</td><td><em>1524</em></td></tr><tr class=biostyle><td align=right><strong><em>Alt. 2 chosen:</em></strong>	</td><td><em>93</em></td></tr><tr class=biostyle><td align=right><strong><em>Cte loglikelihood (only for full choice sets):</em></strong>	</td><td><em>-1214.54</em></td></tr><tr class=biostyle><td align=right><strong><em>Normalization for elasticities CAR:</em></strong>	</td><td><em>968.884</em></td></tr><tr class=biostyle><td align=right><strong><em>Normalization for elasticities PT:</em></strong>	</td><td><em>464.807</em></td></tr><tr class=biostyle><td align=right><strong><em>Null loglikelihood:</em></strong>	</td><td><em>-1674.29</em></td></tr></table>
<h1>Simulation report</h1>

<p>Number of draws for Monte-Carlo: 1000</p>
<p>Type of draws: MLHS</p>
<h2>Aggregate values</h2><table border='1'>
<tr><th></th><th>01 Prob CAR</th><th>02 Prob PT</th><th>03 Prob SM</th><th>__weight</th></tr><tr><th>Total</th><td>1012.99</td><td>417.996</td><td>93.0182</td><td>1524</td></tr><tr><th>Weighted total</th><td>968.884</td><td>464.807</td><td>90.3079</td><td>3758.52</td></tr><tr><th>Average</th><td>0.664689</td><td>0.274275</td><td>0.0610356</td><td>1</td></tr><tr><th>Weighted average</th><td>0.635751</td><td>0.304992</td><td>0.0592572</td><td>2.46622</td></tr><tr><th>Non zeros</th><td>1524</td><td>1524</td><td>1524</td><td>1524</td></tr><tr><th>Non zeros average</th><td>0.664689</td><td>0.274275</td><td>0.0610356</td><td>1</td></tr><tr><th>Weighted non zeros average</th><td>0.635751</td><td>0.304992</td><td>0.0592572</td><td>2.46622</td></tr><tr><th>Minimum</th><td>0.000100096</td><td>0.000180752</td><td>5.85115e-74</td><td>0.190419</td></tr><tr><th>Maximum</th><td>0.99879</td><td>0.9999</td><td>0.725536</td><td>18.702</td></tr></table><h2>Detailed records</h2><table border='1'>
<tr><th>Row</th><th>01 Prob CAR</th><th>02 Prob PT</th><th>03 Prob SM</th><th>__weight</th></tr><tr><td>1</td><td>0.948234</td><td>0.0376032</td><td>0.0141632</td><td>0.935106</td></tr><tr><td>2</td><td>0.886257</td><td>0.113172</td><td>0.000570982</td><td>0.395506</td></tr><tr><td>3</td><td>0.601738</td><td>0.305751</td><td>0.0925116</td><td>2.1488</td></tr><tr><td>4</td><td>0.262779</td><td>0.737221</td><td>1.16969e-07</td><td>11.7966</td></tr><tr><td>5</td><td>0.614656</td><td>0.217259</td><td>0.168085</td><td>0.90884</td></tr><tr><td>6</td><td>0.472916</td><td>0.521934</td><td>0.00515013</td><td>1.01042</td></tr><tr><td>7</td><td>0.951872</td><td>0.0448198</td><td>0.00330794</td><td>1.01042</td></tr><tr><td>8</td><td>0.587777</td><td>0.393359</td><td>0.018864</td><td>0.841094</td></tr><tr><td>9</td><td>0.542313</td><td>0.103452</td><td>0.354236</td><td>0.637262</td></tr><tr><td>10</td><td>0.580457</td><td>0.408229</td><td>0.0113143</td><td>0.793536</td></tr><tr><td>11</td><td>0.385372</td><td>0.612415</td><td>0.00221241</td><td>2.1488</td></tr><tr><td>12</td><td>0.716297</td><td>0.283566</td><td>0.000137496</td><td>0.31061</td></tr><tr><td>13</td><td>0.984353</td><td>0.00483688</td><td>0.0108101</td><td>0.793536</td></tr><tr><td>14</td><td>0.835118</td><td>0.164836</td><td>4.53795e-05</td><td>0.793536</td></tr><tr><td>15</td><td>0.0121166</td><td>0.987883</td><td>9.56075e-24</td><td>0.573194</td></tr><tr><td>16</td><td>0.782102</td><td>0.217897</td><td>6.73638e-07</td><td>0.242531</td></tr><tr><td>17</td><td>0.888685</td><td>0.0302825</td><td>0.081033</td><td>0.90884</td></tr><tr><td>18</td><td>0.6999</td><td>0.162757</td><td>0.137343</td><td>1.01042</td></tr><tr><td>19</td><td>0.27501</td><td>0.72499</td><td>9.742e-18</td><td>1.01042</td></tr><tr><td>20</td><td>0.464972</td><td>0.535026</td><td>1.33473e-06</td><td>1.01042</td></tr><tr><td>21</td><td>0.515788</td><td>0.455107</td><td>0.0291045</td><td>2.38897</td></tr><tr><td>22</td><td>0.552966</td><td>0.422016</td><td>0.0250177</td><td>0.793536</td></tr><tr><td>23</td><td>0.973782</td><td>0.0261519</td><td>6.63543e-05</td><td>2.1488</td></tr><tr><td>24</td><td>0.139381</td><td>0.860619</td><td>2.38249e-07</td><td>0.637262</td></tr><tr><td>25</td><td>0.700516</td><td>0.271072</td><td>0.0284115</td><td>0.90884</td></tr><tr><td>26</td><td>0.895784</td><td>0.0547366</td><td>0.0494795</td><td>3.63582</td></tr><tr><td>27</td><td>0.674816</td><td>0.324159</td><td>0.00102456</td><td>0.269531</td></tr><tr><td>28</td><td>0.928159</td><td>0.0718409</td><td>8.50059e-08</td><td>1.01042</td></tr><tr><td>29</td><td>0.854992</td><td>0.0666984</td><td>0.07831</td><td>0.637262</td></tr><tr><td>30</td><td>0.689269</td><td>0.289281</td><td>0.0214495</td><td>0.269531</td></tr><tr><td>31</td><td>0.574938</td><td>0.42496</td><td>0.000102302</td><td>2.38897</td></tr><tr><td>32</td><td>0.68524</td><td>0.0601899</td><td>0.25457</td><td>0.90884</td></tr><tr><td>33</td><td>0.986298</td><td>0.0131925</td><td>0.000509464</td><td>0.242531</td></tr><tr><td>34</td><td>0.789179</td><td>0.210812</td><td>8.63411e-06</td><td>0.211659</td></tr><tr><td>35</td><td>0.466495</td><td>0.533505</td><td>1.06627e-19</td><td>0.395506</td></tr><tr><td>36</td><td>0.458729</td><td>0.461396</td><td>0.079875</td><td>0.90884</td></tr><tr><td>37</td><td>0.610343</td><td>0.389654</td><td>3.44378e-06</td><td>1.01042</td></tr><tr><td>38</td><td>0.990646</td><td>0.00935398</td><td>3.46473e-07</td><td>0.395506</td></tr><tr><td>39</td><td>0.448458</td><td>0.480384</td><td>0.0711575</td><td>2.1488</td></tr><tr><td>40</td><td>0.741223</td><td>0.205996</td><td>0.0527812</td><td>18.702</td></tr><tr><td>41</td><td>0.387973</td><td>0.558947</td><td>0.0530801</td><td>1.01042</td></tr><tr><td>42</td><td>0.877599</td><td>0.0465021</td><td>0.075899</td><td>0.90884</td></tr><tr><td>43</td><td>0.531741</td><td>0.184819</td><td>0.28344</td><td>1.01042</td></tr><tr><td>44</td><td>0.731909</td><td>0.268089</td><td>1.88299e-06</td><td>0.395506</td></tr><tr><td>45</td><td>0.706119</td><td>0.293866</td><td>1.50398e-05</td><td>2.38897</td></tr><tr><td>46</td><td>0.472824</td><td>0.362454</td><td>0.164723</td><td>0.269531</td></tr><tr><td>47</td><td>0.762041</td><td>0.215303</td><td>0.0226558</td><td>2.1488</td></tr><tr><td>48</td><td>0.348239</td><td>0.39944</td><td>0.252321</td><td>0.90884</td></tr><tr><td>49</td><td>0.929801</td><td>0.0701975</td><td>1.23229e-06</td><td>0.269531</td></tr><tr><td>50</td><td>0.927764</td><td>0.0704504</td><td>0.00178521</td><td>0.242531</td></tr><tr><td>51</td><td>0.920035</td><td>0.0797878</td><td>0.000177621</td><td>1.01042</td></tr><tr><td>52</td><td>0.68195</td><td>0.310885</td><td>0.00716503</td><td>0.395506</td></tr><tr><td>53</td><td>0.907977</td><td>0.0920233</td><td>2.1991e-15</td><td>0.793536</td></tr><tr><td>54</td><td>0.407239</td><td>0.278859</td><td>0.313903</td><td>0.573194</td></tr><tr><td>55</td><td>0.682397</td><td>0.0216908</td><td>0.295913</td><td>1.01042</td></tr><tr><td>56</td><td>0.616985</td><td>0.347859</td><td>0.0351561</td><td>1.01042</td></tr><tr><td>57</td><td>0.460555</td><td>0.167503</td><td>0.371942</td><td>0.395506</td></tr><tr><td>58</td><td>0.801261</td><td>0.158865</td><td>0.0398749</td><td>0.90884</td></tr><tr><td>59</td><td>0.760809</td><td>0.111637</td><td>0.127554</td><td>0.355743</td></tr><tr><td>60</td><td>0.519906</td><td>0.434762</td><td>0.0453319</td><td>0.269531</td></tr><tr><td>61</td><td>0.884824</td><td>0.0718269</td><td>0.0433489</td><td>2.38897</td></tr><tr><td>62</td><td>0.495902</td><td>0.503834</td><td>0.000264011</td><td>0.793536</td></tr><tr><td>63</td><td>0.122598</td><td>0.877402</td><td>5.4895e-13</td><td>0.242531</td></tr><tr><td>64</td><td>0.0250911</td><td>0.974272</td><td>0.000637012</td><td>0.573194</td></tr><tr><td>65</td><td>0.695044</td><td>0.0546981</td><td>0.250258</td><td>0.242531</td></tr><tr><td>66</td><td>0.955944</td><td>0.0439133</td><td>0.000142487</td><td>0.242531</td></tr><tr><td>67</td><td>0.540388</td><td>0.174678</td><td>0.284934</td><td>0.637262</td></tr><tr><td>68</td><td>0.420272</td><td>0.579259</td><td>0.000469417</td><td>0.637262</td></tr><tr><td>69</td><td>0.644678</td><td>0.274812</td><td>0.0805099</td><td>0.269531</td></tr><tr><td>70</td><td>0.302772</td><td>0.697228</td><td>2.88661e-07</td><td>1.87327</td></tr><tr><td>71</td><td>0.0202524</td><td>0.979748</td><td>1.34088e-15</td><td>5.42226</td></tr><tr><td>72</td><td>0.688209</td><td>0.271281</td><td>0.0405096</td><td>0.573194</td></tr><tr><td>73</td><td>0.561864</td><td>0.210681</td><td>0.227455</td><td>0.211659</td></tr><tr><td>74</td><td>0.777552</td><td>0.222048</td><td>0.000399827</td><td>0.713758</td></tr><tr><td>75</td><td>0.627994</td><td>0.267026</td><td>0.104981</td><td>2.1488</td></tr><tr><td>76</td><td>0.911347</td><td>0.0498353</td><td>0.0388172</td><td>0.90884</td></tr><tr><td>77</td><td>0.790505</td><td>0.119515</td><td>0.0899795</td><td>1.01042</td></tr><tr><td>78</td><td>0.772611</td><td>0.224232</td><td>0.003157</td><td>0.269531</td></tr><tr><td>79</td><td>0.345134</td><td>0.173042</td><td>0.481824</td><td>0.269531</td></tr><tr><td>80</td><td>0.593673</td><td>0.235643</td><td>0.170685</td><td>1.01042</td></tr><tr><td>81</td><td>0.967482</td><td>0.0184234</td><td>0.0140941</td><td>1.01042</td></tr><tr><td>82</td><td>0.985952</td><td>0.0140478</td><td>3.3137e-08</td><td>0.90884</td></tr><tr><td>83</td><td>0.826397</td><td>0.165376</td><td>0.0082271</td><td>2.1488</td></tr><tr><td>84</td><td>0.971777</td><td>0.0185158</td><td>0.00970704</td><td>2.38897</td></tr><tr><td>85</td><td>0.0318136</td><td>0.96158</td><td>0.00660676</td><td>2.1488</td></tr><tr><td>86</td><td>0.805226</td><td>0.193473</td><td>0.00130104</td><td>0.269531</td></tr><tr><td>87</td><td>0.47018</td><td>0.52629</td><td>0.00353012</td><td>2.1488</td></tr><tr><td>88</td><td>0.345503</td><td>0.651936</td><td>0.00256189</td><td>0.242531</td></tr><tr><td>89</td><td>0.978007</td><td>0.0219627</td><td>2.9849e-05</td><td>0.573194</td></tr><tr><td>90</td><td>0.901564</td><td>0.0875167</td><td>0.0109195</td><td>1.35539</td></tr><tr><td>91</td><td>0.782205</td><td>0.217794</td><td>3.96897e-07</td><td>0.269531</td></tr><tr><td>92</td><td>0.461729</td><td>0.507936</td><td>0.0303349</td><td>0.90884</td></tr><tr><td>93</td><td>0.979045</td><td>0.020576</td><td>0.000379522</td><td>0.90884</td></tr><tr><td>94</td><td>0.80027</td><td>0.14073</td><td>0.0589993</td><td>1.01042</td></tr><tr><td>95</td><td>0.860228</td><td>0.138122</td><td>0.00165048</td><td>0.637262</td></tr><tr><td>96</td><td>0.86822</td><td>0.073615</td><td>0.0581647</td><td>0.90884</td></tr><tr><td>97</td><td>0.703442</td><td>0.180078</td><td>0.11648</td><td>1.01042</td></tr><tr><td>98</td><td>0.340295</td><td>0.659705</td><td>3.14519e-09</td><td>0.90884</td></tr><tr><td>99</td><td>0.714462</td><td>0.236011</td><td>0.0495269</td><td>0.90884</td></tr><tr><td>100</td><td>0.80303</td><td>0.147055</td><td>0.0499152</td><td>3.63582</td></tr><tr><td>101</td><td>0.551903</td><td>0.448083</td><td>1.41743e-05</td><td>1.01042</td></tr><tr><td>102</td><td>0.798572</td><td>0.199948</td><td>0.0014805</td><td>0.90884</td></tr><tr><td>103</td><td>0.921948</td><td>0.04971</td><td>0.0283424</td><td>1.01042</td></tr><tr><td>104</td><td>0.455596</td><td>0.394263</td><td>0.150141</td><td>0.269531</td></tr><tr><td>105</td><td>0.88177</td><td>0.109363</td><td>0.00886716</td><td>2.1488</td></tr><tr><td>106</td><td>0.767051</td><td>0.191775</td><td>0.0411747</td><td>0.395506</td></tr><tr><td>107</td><td>0.452116</td><td>0.547121</td><td>0.000762469</td><td>0.713758</td></tr><tr><td>108</td><td>0.761482</td><td>0.170796</td><td>0.0677221</td><td>0.211659</td></tr><tr><td>109</td><td>0.938348</td><td>0.0440473</td><td>0.0176045</td><td>0.90884</td></tr><tr><td>110</td><td>0.926252</td><td>0.0169225</td><td>0.0568253</td><td>2.1488</td></tr><tr><td>111</td><td>0.0485077</td><td>0.951492</td><td>3.15673e-25</td><td>0.793536</td></tr><tr><td>112</td><td>0.63272</td><td>0.361099</td><td>0.00618111</td><td>0.90884</td></tr><tr><td>113</td><td>0.950919</td><td>0.0490788</td><td>2.26681e-06</td><td>0.31061</td></tr><tr><td>114</td><td>0.458963</td><td>0.540234</td><td>0.000803027</td><td>2.1488</td></tr><tr><td>115</td><td>0.488364</td><td>0.358109</td><td>0.153527</td><td>0.713758</td></tr><tr><td>116</td><td>0.992852</td><td>0.00655668</td><td>0.000591746</td><td>0.242531</td></tr><tr><td>117</td><td>0.404743</td><td>0.312609</td><td>0.282649</td><td>0.395506</td></tr><tr><td>118</td><td>0.500932</td><td>0.425453</td><td>0.0736149</td><td>0.269531</td></tr><tr><td>119</td><td>0.468813</td><td>0.21153</td><td>0.319657</td><td>0.190419</td></tr><tr><td>120</td><td>0.256846</td><td>0.74309</td><td>6.44327e-05</td><td>0.361552</td></tr><tr><td>121</td><td>0.343563</td><td>0.619152</td><td>0.0372844</td><td>0.242531</td></tr><tr><td>122</td><td>0.428364</td><td>0.277611</td><td>0.294025</td><td>0.242531</td></tr><tr><td>123</td><td>0.688663</td><td>0.308663</td><td>0.00267469</td><td>1.01042</td></tr><tr><td>124</td><td>0.798276</td><td>0.201704</td><td>2.05699e-05</td><td>0.637262</td></tr><tr><td>125</td><td>0.0410299</td><td>0.94227</td><td>0.0166998</td><td>0.637262</td></tr><tr><td>126</td><td>0.945613</td><td>0.0366615</td><td>0.0177259</td><td>0.242531</td></tr><tr><td>127</td><td>0.960028</td><td>0.0150468</td><td>0.0249249</td><td>0.90884</td></tr><tr><td>128</td><td>0.930306</td><td>0.0696942</td><td>8.80991e-13</td><td>0.395506</td></tr><tr><td>129</td><td>0.936812</td><td>0.0100452</td><td>0.0531425</td><td>0.841094</td></tr><tr><td>130</td><td>0.565668</td><td>0.151692</td><td>0.28264</td><td>1.01042</td></tr><tr><td>131</td><td>0.519929</td><td>0.473481</td><td>0.00658987</td><td>0.90884</td></tr><tr><td>132</td><td>0.819462</td><td>0.1805</td><td>3.79505e-05</td><td>0.499696</td></tr><tr><td>133</td><td>0.767507</td><td>0.231316</td><td>0.00117734</td><td>0.841094</td></tr><tr><td>134</td><td>0.825791</td><td>0.172401</td><td>0.00180774</td><td>0.355743</td></tr><tr><td>135</td><td>0.856711</td><td>0.133161</td><td>0.0101281</td><td>0.269531</td></tr><tr><td>136</td><td>0.990328</td><td>0.00935957</td><td>0.000312673</td><td>0.90884</td></tr><tr><td>137</td><td>0.723592</td><td>0.119018</td><td>0.15739</td><td>3.17455</td></tr><tr><td>138</td><td>0.89679</td><td>0.103208</td><td>2.02884e-06</td><td>0.90884</td></tr><tr><td>139</td><td>0.300385</td><td>0.699613</td><td>2.87524e-06</td><td>0.242531</td></tr><tr><td>140</td><td>0.402014</td><td>0.420757</td><td>0.177229</td><td>0.269531</td></tr><tr><td>141</td><td>0.854715</td><td>0.14517</td><td>0.000115827</td><td>0.242531</td></tr><tr><td>142</td><td>0.844877</td><td>0.0878138</td><td>0.0673093</td><td>0.90884</td></tr><tr><td>143</td><td>0.923846</td><td>0.0733511</td><td>0.00280252</td><td>2.38897</td></tr><tr><td>144</td><td>0.350533</td><td>0.174533</td><td>0.474935</td><td>1.01042</td></tr><tr><td>145</td><td>0.135494</td><td>0.864506</td><td>1.80566e-28</td><td>0.90884</td></tr><tr><td>146</td><td>0.879727</td><td>0.0400613</td><td>0.0802113</td><td>0.90884</td></tr><tr><td>147</td><td>0.894209</td><td>0.070845</td><td>0.0349457</td><td>0.269531</td></tr><tr><td>148</td><td>0.705112</td><td>0.27492</td><td>0.0199687</td><td>4.04221</td></tr><tr><td>149</td><td>0.85378</td><td>0.146209</td><td>1.12744e-05</td><td>0.355743</td></tr><tr><td>150</td><td>0.473288</td><td>0.522736</td><td>0.00397603</td><td>0.190419</td></tr><tr><td>151</td><td>0.597344</td><td>0.375043</td><td>0.027613</td><td>0.31061</td></tr><tr><td>152</td><td>0.693655</td><td>0.262485</td><td>0.0438604</td><td>0.242531</td></tr><tr><td>153</td><td>0.919009</td><td>0.0806707</td><td>0.000320478</td><td>2.1488</td></tr><tr><td>154</td><td>0.594314</td><td>0.391053</td><td>0.0146336</td><td>0.211659</td></tr><tr><td>155</td><td>0.389651</td><td>0.61023</td><td>0.000118686</td><td>0.269531</td></tr><tr><td>156</td><td>0.619159</td><td>0.380055</td><td>0.00078553</td><td>0.355743</td></tr><tr><td>157</td><td>0.473253</td><td>0.523193</td><td>0.00355417</td><td>2.1488</td></tr><tr><td>158</td><td>0.805376</td><td>0.194563</td><td>6.12157e-05</td><td>0.211659</td></tr><tr><td>159</td><td>0.988742</td><td>0.0109589</td><td>0.000299479</td><td>0.793536</td></tr><tr><td>160</td><td>0.220831</td><td>0.779082</td><td>8.7074e-05</td><td>0.637262</td></tr><tr><td>161</td><td>0.20489</td><td>0.549762</td><td>0.245349</td><td>0.242531</td></tr><tr><td>162</td><td>0.887933</td><td>0.0760613</td><td>0.0360061</td><td>0.90884</td></tr><tr><td>163</td><td>0.323492</td><td>0.427429</td><td>0.24908</td><td>0.269531</td></tr><tr><td>164</td><td>0.549846</td><td>0.244425</td><td>0.205728</td><td>0.31061</td></tr><tr><td>165</td><td>0.626648</td><td>0.101663</td><td>0.271689</td><td>1.01042</td></tr><tr><td>166</td><td>0.97735</td><td>0.0171631</td><td>0.00548698</td><td>0.90884</td></tr><tr><td>167</td><td>0.907811</td><td>0.0621152</td><td>0.0300741</td><td>0.90884</td></tr><tr><td>168</td><td>0.670836</td><td>0.329116</td><td>4.83706e-05</td><td>0.90884</td></tr><tr><td>169</td><td>0.923132</td><td>0.0645538</td><td>0.0123139</td><td>0.90884</td></tr><tr><td>170</td><td>0.802135</td><td>0.197861</td><td>4.90531e-06</td><td>1.87327</td></tr><tr><td>171</td><td>0.988537</td><td>0.0114633</td><td>1.35636e-12</td><td>1.01042</td></tr><tr><td>172</td><td>0.7385</td><td>0.124995</td><td>0.136506</td><td>0.395506</td></tr><tr><td>173</td><td>0.69815</td><td>0.301173</td><td>0.000677356</td><td>0.793536</td></tr><tr><td>174</td><td>0.691578</td><td>0.261432</td><td>0.0469903</td><td>0.242531</td></tr><tr><td>175</td><td>0.23748</td><td>0.76252</td><td>9.48026e-11</td><td>0.841094</td></tr><tr><td>176</td><td>0.352462</td><td>0.321361</td><td>0.326178</td><td>0.242531</td></tr><tr><td>177</td><td>0.32781</td><td>0.671807</td><td>0.000382508</td><td>0.90884</td></tr><tr><td>178</td><td>0.571165</td><td>0.214861</td><td>0.213974</td><td>0.211659</td></tr><tr><td>179</td><td>0.995993</td><td>0.00400743</td><td>8.53309e-09</td><td>0.395506</td></tr><tr><td>180</td><td>0.304386</td><td>0.486838</td><td>0.208777</td><td>0.395506</td></tr><tr><td>181</td><td>0.492703</td><td>0.507253</td><td>4.4139e-05</td><td>0.90884</td></tr><tr><td>182</td><td>0.962874</td><td>0.0370621</td><td>6.37069e-05</td><td>0.90884</td></tr><tr><td>183</td><td>0.417733</td><td>0.552387</td><td>0.0298796</td><td>0.713758</td></tr><tr><td>184</td><td>0.0178746</td><td>0.982125</td><td>1.09447e-41</td><td>0.793536</td></tr><tr><td>185</td><td>0.666664</td><td>0.333333</td><td>3.19184e-06</td><td>1.01042</td></tr><tr><td>186</td><td>0.349591</td><td>0.295192</td><td>0.355217</td><td>0.269531</td></tr><tr><td>187</td><td>0.527222</td><td>0.16755</td><td>0.305228</td><td>0.211659</td></tr><tr><td>188</td><td>0.791091</td><td>0.20357</td><td>0.00533938</td><td>0.793536</td></tr><tr><td>189</td><td>0.500814</td><td>0.497812</td><td>0.00137397</td><td>0.395506</td></tr><tr><td>190</td><td>0.363151</td><td>0.575694</td><td>0.0611557</td><td>0.269531</td></tr><tr><td>191</td><td>0.49221</td><td>0.507034</td><td>0.000755775</td><td>2.1488</td></tr><tr><td>192</td><td>0.560744</td><td>0.432906</td><td>0.00634988</td><td>0.242531</td></tr><tr><td>193</td><td>0.864173</td><td>0.12768</td><td>0.00814661</td><td>1.01042</td></tr><tr><td>194</td><td>0.967801</td><td>0.023729</td><td>0.00847012</td><td>0.573194</td></tr><tr><td>195</td><td>0.473878</td><td>0.374515</td><td>0.151607</td><td>2.1488</td></tr><tr><td>196</td><td>0.462448</td><td>0.344383</td><td>0.193169</td><td>0.242531</td></tr><tr><td>197</td><td>0.690673</td><td>0.296173</td><td>0.0131535</td><td>1.01042</td></tr><tr><td>198</td><td>0.119908</td><td>0.880092</td><td>2.62383e-09</td><td>6.02832</td></tr><tr><td>199</td><td>0.803056</td><td>0.163753</td><td>0.0331914</td><td>0.269531</td></tr><tr><td>200</td><td>0.656183</td><td>0.134644</td><td>0.209173</td><td>0.637262</td></tr><tr><td>201</td><td>0.336924</td><td>0.487158</td><td>0.175917</td><td>0.713758</td></tr><tr><td>202</td><td>0.87165</td><td>0.0148418</td><td>0.113509</td><td>1.01042</td></tr><tr><td>203</td><td>0.91902</td><td>0.063857</td><td>0.0171235</td><td>0.269531</td></tr><tr><td>204</td><td>0.45191</td><td>0.548082</td><td>8.19009e-06</td><td>0.269531</td></tr><tr><td>205</td><td>0.976928</td><td>0.0230262</td><td>4.57848e-05</td><td>0.395506</td></tr><tr><td>206</td><td>0.434508</td><td>0.565491</td><td>5.15366e-07</td><td>2.38897</td></tr><tr><td>207</td><td>0.384647</td><td>0.615353</td><td>1.56965e-22</td><td>0.269531</td></tr><tr><td>208</td><td>0.828549</td><td>0.171451</td><td>2.36191e-19</td><td>0.395506</td></tr><tr><td>209</td><td>0.829324</td><td>0.170649</td><td>2.74642e-05</td><td>0.573194</td></tr><tr><td>210</td><td>0.914486</td><td>0.0807879</td><td>0.00472572</td><td>1.01042</td></tr><tr><td>211</td><td>0.939945</td><td>0.0498047</td><td>0.0102502</td><td>0.242531</td></tr><tr><td>212</td><td>0.725221</td><td>0.273499</td><td>0.00128024</td><td>1.01042</td></tr><tr><td>213</td><td>0.943847</td><td>0.0178106</td><td>0.0383427</td><td>0.90884</td></tr><tr><td>214</td><td>0.475918</td><td>0.425342</td><td>0.0987404</td><td>0.90884</td></tr><tr><td>215</td><td>0.118989</td><td>0.881011</td><td>1.24741e-11</td><td>5.42226</td></tr><tr><td>216</td><td>0.742002</td><td>0.199617</td><td>0.0583806</td><td>0.395506</td></tr><tr><td>217</td><td>0.454635</td><td>0.545349</td><td>1.59705e-05</td><td>0.90884</td></tr><tr><td>218</td><td>0.755294</td><td>0.236826</td><td>0.00788008</td><td>0.211659</td></tr><tr><td>219</td><td>0.943917</td><td>0.0326428</td><td>0.0234404</td><td>0.841094</td></tr><tr><td>220</td><td>0.47575</td><td>0.520917</td><td>0.00333288</td><td>0.90884</td></tr><tr><td>221</td><td>0.636487</td><td>0.183861</td><td>0.179652</td><td>4.04221</td></tr><tr><td>222</td><td>0.631366</td><td>0.17349</td><td>0.195144</td><td>0.242531</td></tr><tr><td>223</td><td>0.22742</td><td>0.663919</td><td>0.108662</td><td>0.355743</td></tr><tr><td>224</td><td>0.653396</td><td>0.332775</td><td>0.0138292</td><td>0.793536</td></tr><tr><td>225</td><td>0.396188</td><td>0.311331</td><td>0.292482</td><td>0.242531</td></tr><tr><td>226</td><td>0.150241</td><td>0.849759</td><td>1.53875e-36</td><td>1.01042</td></tr><tr><td>227</td><td>0.219513</td><td>0.780487</td><td>1.17745e-14</td><td>0.637262</td></tr><tr><td>228</td><td>0.963315</td><td>0.0366855</td><td>2.72275e-24</td><td>1.01042</td></tr><tr><td>229</td><td>0.946183</td><td>0.0462034</td><td>0.00761365</td><td>0.190419</td></tr><tr><td>230</td><td>0.975979</td><td>0.0235356</td><td>0.000485272</td><td>0.573194</td></tr><tr><td>231</td><td>0.703442</td><td>0.180078</td><td>0.11648</td><td>1.01042</td></tr><tr><td>232</td><td>0.504716</td><td>0.106975</td><td>0.388309</td><td>0.269531</td></tr><tr><td>233</td><td>0.498661</td><td>0.489053</td><td>0.0122862</td><td>2.1488</td></tr><tr><td>234</td><td>0.331662</td><td>0.281901</td><td>0.386437</td><td>1.01042</td></tr><tr><td>235</td><td>0.27778</td><td>0.722188</td><td>3.20688e-05</td><td>0.793536</td></tr><tr><td>236</td><td>0.968242</td><td>0.0289942</td><td>0.00276393</td><td>0.713758</td></tr><tr><td>237</td><td>0.84294</td><td>0.136272</td><td>0.0207875</td><td>0.211659</td></tr><tr><td>238</td><td>0.935641</td><td>0.0602781</td><td>0.00408091</td><td>1.01042</td></tr><tr><td>239</td><td>0.483733</td><td>0.468437</td><td>0.0478303</td><td>0.31061</td></tr><tr><td>240</td><td>0.765177</td><td>0.228619</td><td>0.0062041</td><td>0.573194</td></tr><tr><td>241</td><td>0.857258</td><td>0.142742</td><td>9.98127e-20</td><td>0.269531</td></tr><tr><td>242</td><td>0.929265</td><td>0.0254403</td><td>0.0452944</td><td>0.269531</td></tr><tr><td>243</td><td>0.262439</td><td>0.737561</td><td>7.46939e-12</td><td>0.395506</td></tr><tr><td>244</td><td>0.954246</td><td>0.045754</td><td>8.78343e-36</td><td>0.793536</td></tr><tr><td>245</td><td>0.707793</td><td>0.017863</td><td>0.274344</td><td>2.1488</td></tr><tr><td>246</td><td>0.94871</td><td>0.0512463</td><td>4.41291e-05</td><td>0.90884</td></tr><tr><td>247</td><td>0.991118</td><td>0.00722111</td><td>0.00166093</td><td>0.355743</td></tr><tr><td>248</td><td>0.369107</td><td>0.630887</td><td>5.93283e-06</td><td>0.841094</td></tr><tr><td>249</td><td>0.402304</td><td>0.364291</td><td>0.233405</td><td>3.63582</td></tr><tr><td>250</td><td>0.000324527</td><td>0.999675</td><td>5.9584e-13</td><td>2.38897</td></tr><tr><td>251</td><td>0.85083</td><td>0.123078</td><td>0.0260919</td><td>0.211659</td></tr><tr><td>252</td><td>0.379067</td><td>0.613669</td><td>0.00726346</td><td>1.01042</td></tr><tr><td>253</td><td>0.143745</td><td>0.855922</td><td>0.00033329</td><td>5.42226</td></tr><tr><td>254</td><td>0.613848</td><td>0.374302</td><td>0.01185</td><td>1.01042</td></tr><tr><td>255</td><td>0.70178</td><td>0.166093</td><td>0.132127</td><td>2.38897</td></tr><tr><td>256</td><td>0.434846</td><td>0.565154</td><td>1.98668e-13</td><td>0.355743</td></tr><tr><td>257</td><td>0.700844</td><td>0.148908</td><td>0.150247</td><td>3.17455</td></tr><tr><td>258</td><td>0.988317</td><td>0.0116835</td><td>2.1672e-18</td><td>1.01042</td></tr><tr><td>259</td><td>0.598555</td><td>0.10151</td><td>0.299935</td><td>0.395506</td></tr><tr><td>260</td><td>0.602345</td><td>0.396771</td><td>0.000884157</td><td>0.211659</td></tr><tr><td>261</td><td>0.27595</td><td>0.72405</td><td>1.31966e-07</td><td>0.269531</td></tr><tr><td>262</td><td>0.565718</td><td>0.363737</td><td>0.0705447</td><td>0.90884</td></tr><tr><td>263</td><td>0.926847</td><td>0.0399119</td><td>0.0332409</td><td>0.573194</td></tr><tr><td>264</td><td>0.821274</td><td>0.167478</td><td>0.0112477</td><td>0.269531</td></tr><tr><td>265</td><td>0.712658</td><td>0.277138</td><td>0.0102039</td><td>0.269531</td></tr><tr><td>266</td><td>0.611273</td><td>0.169881</td><td>0.218846</td><td>0.637262</td></tr><tr><td>267</td><td>0.584063</td><td>0.406884</td><td>0.00905359</td><td>0.90884</td></tr><tr><td>268</td><td>0.763731</td><td>0.213851</td><td>0.022418</td><td>0.269531</td></tr><tr><td>269</td><td>0.193603</td><td>0.801784</td><td>0.00461332</td><td>1.01042</td></tr><tr><td>270</td><td>0.226681</td><td>0.119448</td><td>0.653871</td><td>0.242531</td></tr><tr><td>271</td><td>0.606235</td><td>0.393633</td><td>0.000131744</td><td>1.01042</td></tr><tr><td>272</td><td>0.96795</td><td>0.0319895</td><td>5.99794e-05</td><td>0.395506</td></tr><tr><td>273</td><td>0.834069</td><td>0.165891</td><td>4.021e-05</td><td>1.01042</td></tr><tr><td>274</td><td>0.679454</td><td>0.319675</td><td>0.000870867</td><td>0.573194</td></tr><tr><td>275</td><td>0.960473</td><td>0.0395263</td><td>6.03219e-07</td><td>2.1488</td></tr><tr><td>276</td><td>0.660647</td><td>0.2115</td><td>0.127853</td><td>0.90884</td></tr><tr><td>277</td><td>0.467175</td><td>0.248362</td><td>0.284463</td><td>0.90884</td></tr><tr><td>278</td><td>0.313351</td><td>0.265937</td><td>0.420712</td><td>1.01042</td></tr><tr><td>279</td><td>0.242403</td><td>0.757223</td><td>0.000374414</td><td>0.713758</td></tr><tr><td>280</td><td>0.987343</td><td>0.0126569</td><td>2.77008e-12</td><td>0.573194</td></tr><tr><td>281</td><td>0.154915</td><td>0.845085</td><td>3.58337e-09</td><td>0.573194</td></tr><tr><td>282</td><td>0.600885</td><td>0.132516</td><td>0.266599</td><td>0.637262</td></tr><tr><td>283</td><td>0.616967</td><td>0.314572</td><td>0.0684616</td><td>0.242531</td></tr><tr><td>284</td><td>0.470952</td><td>0.164624</td><td>0.364424</td><td>1.01042</td></tr><tr><td>285</td><td>0.882619</td><td>0.113551</td><td>0.00383062</td><td>0.242531</td></tr><tr><td>286</td><td>0.825825</td><td>0.173836</td><td>0.000339669</td><td>0.793536</td></tr><tr><td>287</td><td>0.853298</td><td>0.0683984</td><td>0.078304</td><td>1.01042</td></tr><tr><td>288</td><td>0.968606</td><td>0.000667739</td><td>0.0307262</td><td>0.573194</td></tr><tr><td>289</td><td>0.910603</td><td>0.0893943</td><td>2.33214e-06</td><td>0.573194</td></tr><tr><td>290</td><td>0.938282</td><td>0.0616661</td><td>5.17806e-05</td><td>0.90884</td></tr><tr><td>291</td><td>0.981705</td><td>0.0182949</td><td>2.11246e-09</td><td>0.269531</td></tr><tr><td>292</td><td>0.754169</td><td>0.224729</td><td>0.0211026</td><td>0.713758</td></tr><tr><td>293</td><td>0.226335</td><td>0.773665</td><td>1.54617e-07</td><td>0.395506</td></tr><tr><td>294</td><td>0.210387</td><td>0.789584</td><td>2.84015e-05</td><td>1.01042</td></tr><tr><td>295</td><td>0.557528</td><td>0.205943</td><td>0.236529</td><td>0.90884</td></tr><tr><td>296</td><td>0.892732</td><td>0.0278289</td><td>0.0794391</td><td>0.269531</td></tr><tr><td>297</td><td>0.480542</td><td>0.117115</td><td>0.402343</td><td>0.269531</td></tr><tr><td>298</td><td>0.493911</td><td>0.506089</td><td>8.70452e-08</td><td>5.42226</td></tr><tr><td>299</td><td>0.892267</td><td>0.0604518</td><td>0.0472811</td><td>0.90884</td></tr><tr><td>300</td><td>0.553209</td><td>0.118365</td><td>0.328426</td><td>3.63582</td></tr><tr><td>301</td><td>0.750786</td><td>0.249214</td><td>7.42852e-13</td><td>2.38897</td></tr><tr><td>302</td><td>0.717673</td><td>0.265738</td><td>0.0165894</td><td>1.01042</td></tr><tr><td>303</td><td>0.647554</td><td>0.352446</td><td>1.09742e-55</td><td>0.31061</td></tr><tr><td>304</td><td>0.564536</td><td>0.324943</td><td>0.110521</td><td>0.31061</td></tr><tr><td>305</td><td>0.510135</td><td>0.223779</td><td>0.266086</td><td>0.90884</td></tr><tr><td>306</td><td>0.481185</td><td>0.518815</td><td>4.70626e-08</td><td>0.713758</td></tr><tr><td>307</td><td>0.937284</td><td>0.0158534</td><td>0.0468631</td><td>0.793536</td></tr><tr><td>308</td><td>0.365476</td><td>0.577271</td><td>0.057253</td><td>2.1488</td></tr><tr><td>309</td><td>0.813514</td><td>0.105025</td><td>0.0814613</td><td>0.713758</td></tr><tr><td>310</td><td>0.801319</td><td>0.16334</td><td>0.0353414</td><td>0.31061</td></tr><tr><td>311</td><td>0.871286</td><td>0.128477</td><td>0.000236595</td><td>0.573194</td></tr><tr><td>312</td><td>0.00223547</td><td>0.997764</td><td>1.3634e-07</td><td>2.1488</td></tr><tr><td>313</td><td>0.755347</td><td>0.0708292</td><td>0.173823</td><td>0.395506</td></tr><tr><td>314</td><td>0.865361</td><td>0.134639</td><td>3.96606e-07</td><td>0.269531</td></tr><tr><td>315</td><td>0.899585</td><td>0.0224897</td><td>0.0779251</td><td>0.242531</td></tr><tr><td>316</td><td>0.956671</td><td>0.0111306</td><td>0.0321982</td><td>2.38897</td></tr><tr><td>317</td><td>0.487123</td><td>0.512855</td><td>2.20449e-05</td><td>0.355743</td></tr><tr><td>318</td><td>0.622762</td><td>0.190433</td><td>0.186805</td><td>0.573194</td></tr><tr><td>319</td><td>0.990019</td><td>0.00998105</td><td>1.03443e-07</td><td>2.38897</td></tr><tr><td>320</td><td>0.436584</td><td>0.228476</td><td>0.33494</td><td>1.01042</td></tr><tr><td>321</td><td>0.134474</td><td>0.803755</td><td>0.0617716</td><td>2.38897</td></tr><tr><td>322</td><td>0.938724</td><td>0.0593936</td><td>0.00188258</td><td>2.1488</td></tr><tr><td>323</td><td>0.973082</td><td>0.0254383</td><td>0.00147972</td><td>0.242531</td></tr><tr><td>324</td><td>0.835931</td><td>0.0490841</td><td>0.114985</td><td>0.841094</td></tr><tr><td>325</td><td>0.851611</td><td>0.0507558</td><td>0.097633</td><td>2.1488</td></tr><tr><td>326</td><td>0.61428</td><td>0.385717</td><td>3.31343e-06</td><td>3.63582</td></tr><tr><td>327</td><td>0.83942</td><td>0.160156</td><td>0.000424903</td><td>0.90884</td></tr><tr><td>328</td><td>0.599921</td><td>0.329906</td><td>0.0701734</td><td>2.38897</td></tr><tr><td>329</td><td>0.342318</td><td>0.653905</td><td>0.00377728</td><td>0.935106</td></tr><tr><td>330</td><td>0.720456</td><td>0.279538</td><td>5.65854e-06</td><td>1.01042</td></tr><tr><td>331</td><td>0.977783</td><td>0.0222167</td><td>4.94407e-09</td><td>0.395506</td></tr><tr><td>332</td><td>0.921245</td><td>0.0217989</td><td>0.0569561</td><td>2.38897</td></tr><tr><td>333</td><td>0.840358</td><td>0.113165</td><td>0.0464765</td><td>0.242531</td></tr><tr><td>334</td><td>0.743497</td><td>0.248986</td><td>0.00751684</td><td>0.269531</td></tr><tr><td>335</td><td>0.546804</td><td>0.113448</td><td>0.339749</td><td>3.63582</td></tr><tr><td>336</td><td>0.788266</td><td>0.0954648</td><td>0.116269</td><td>0.90884</td></tr><tr><td>337</td><td>0.850884</td><td>0.128182</td><td>0.0209332</td><td>0.211659</td></tr><tr><td>338</td><td>0.178932</td><td>0.821058</td><td>9.65936e-06</td><td>0.90884</td></tr><tr><td>339</td><td>0.782926</td><td>0.21706</td><td>1.44383e-05</td><td>2.38897</td></tr><tr><td>340</td><td>0.0755825</td><td>0.924417</td><td>8.38178e-16</td><td>0.713758</td></tr><tr><td>341</td><td>0.839378</td><td>0.155327</td><td>0.00529566</td><td>0.269531</td></tr><tr><td>342</td><td>0.796974</td><td>0.135347</td><td>0.0676795</td><td>0.242531</td></tr><tr><td>343</td><td>0.885623</td><td>0.112117</td><td>0.00225929</td><td>0.573194</td></tr><tr><td>344</td><td>0.549607</td><td>0.0971894</td><td>0.353204</td><td>0.242531</td></tr><tr><td>345</td><td>0.686213</td><td>0.313728</td><td>5.84631e-05</td><td>0.90884</td></tr><tr><td>346</td><td>0.0945589</td><td>0.905436</td><td>5.07127e-06</td><td>0.355743</td></tr><tr><td>347</td><td>0.00267321</td><td>0.997327</td><td>4.69461e-37</td><td>0.242531</td></tr><tr><td>348</td><td>0.996949</td><td>0.00305141</td><td>4.66185e-13</td><td>0.573194</td></tr><tr><td>349</td><td>0.990282</td><td>0.0097183</td><td>1.98334e-09</td><td>2.38897</td></tr><tr><td>350</td><td>0.913311</td><td>0.0866892</td><td>4.73019e-20</td><td>0.211659</td></tr><tr><td>351</td><td>0.601178</td><td>0.398772</td><td>5.04319e-05</td><td>0.449461</td></tr><tr><td>352</td><td>0.628663</td><td>0.216591</td><td>0.154746</td><td>1.01042</td></tr><tr><td>353</td><td>0.993443</td><td>0.00655681</td><td>1.63279e-08</td><td>0.269531</td></tr><tr><td>354</td><td>0.776781</td><td>0.1709</td><td>0.0523183</td><td>0.793536</td></tr><tr><td>355</td><td>0.648823</td><td>0.351177</td><td>7.46034e-08</td><td>0.242531</td></tr><tr><td>356</td><td>0.897258</td><td>0.102742</td><td>4.64327e-10</td><td>0.395506</td></tr><tr><td>357</td><td>0.00297646</td><td>0.997024</td><td>3.99955e-53</td><td>0.31061</td></tr><tr><td>358</td><td>0.880071</td><td>0.0223324</td><td>0.0975969</td><td>0.90884</td></tr><tr><td>359</td><td>0.488923</td><td>0.511077</td><td>8.34511e-19</td><td>0.269531</td></tr><tr><td>360</td><td>0.487915</td><td>0.512085</td><td>1.08836e-17</td><td>0.269531</td></tr><tr><td>361</td><td>0.967368</td><td>0.0298287</td><td>0.00280315</td><td>2.38897</td></tr><tr><td>362</td><td>0.95403</td><td>0.0451598</td><td>0.000810564</td><td>2.1488</td></tr><tr><td>363</td><td>0.536164</td><td>0.458297</td><td>0.00553917</td><td>1.01042</td></tr><tr><td>364</td><td>0.887874</td><td>0.0907801</td><td>0.0213464</td><td>2.38897</td></tr><tr><td>365</td><td>0.681573</td><td>0.318294</td><td>0.000132108</td><td>0.190419</td></tr><tr><td>366</td><td>0.180219</td><td>0.818326</td><td>0.00145513</td><td>1.01042</td></tr><tr><td>367</td><td>0.41769</td><td>0.247933</td><td>0.334377</td><td>0.90884</td></tr><tr><td>368</td><td>0.909404</td><td>0.0637917</td><td>0.0268045</td><td>0.242531</td></tr><tr><td>369</td><td>0.788126</td><td>0.186858</td><td>0.0250165</td><td>0.242531</td></tr><tr><td>370</td><td>0.825367</td><td>0.174633</td><td>1.37715e-11</td><td>0.242531</td></tr><tr><td>371</td><td>0.423037</td><td>0.281829</td><td>0.295134</td><td>3.63582</td></tr><tr><td>372</td><td>0.639796</td><td>0.360191</td><td>1.26601e-05</td><td>1.01042</td></tr><tr><td>373</td><td>0.774339</td><td>0.185692</td><td>0.0399689</td><td>3.63582</td></tr><tr><td>374</td><td>0.939939</td><td>0.0494372</td><td>0.0106235</td><td>0.269531</td></tr><tr><td>375</td><td>0.843806</td><td>0.128038</td><td>0.0281569</td><td>0.713758</td></tr><tr><td>376</td><td>0.633285</td><td>0.324618</td><td>0.0420965</td><td>0.90884</td></tr><tr><td>377</td><td>0.642038</td><td>0.102521</td><td>0.255442</td><td>1.01042</td></tr><tr><td>378</td><td>0.364048</td><td>0.481747</td><td>0.154205</td><td>0.395506</td></tr><tr><td>379</td><td>0.891327</td><td>0.0884679</td><td>0.0202046</td><td>0.242531</td></tr><tr><td>380</td><td>0.80761</td><td>0.152684</td><td>0.0397065</td><td>0.573194</td></tr><tr><td>381</td><td>0.858894</td><td>0.13629</td><td>0.00481622</td><td>0.279383</td></tr><tr><td>382</td><td>0.6723</td><td>0.0784705</td><td>0.249229</td><td>0.637262</td></tr><tr><td>383</td><td>0.922502</td><td>0.0527258</td><td>0.0247722</td><td>5.58763</td></tr><tr><td>384</td><td>0.0169093</td><td>0.983081</td><td>9.54047e-06</td><td>0.841094</td></tr><tr><td>385</td><td>0.963534</td><td>0.0364656</td><td>6.29443e-19</td><td>0.793536</td></tr><tr><td>386</td><td>0.618793</td><td>0.381203</td><td>3.52264e-06</td><td>0.395506</td></tr><tr><td>387</