Iter 0

Size = 20
Data size = 210
[ 705.907 685.912 737.122 35868.3 -13788.6 1081.21 439.189 165.806 337.267 -76.4425 -1053.41 -18961.4 -33178.1 -172.264 -246.863 -1572.03 -92257.6 6674.42 -278.692 -7.54469 ;
685.912 208.987 89.2529 4536.69 -1360.49 309.505 131.141 51.8281 95.0387 -57.913 -430.574 -7750.32 -13449.6 -123.162 -185.737 -207.304 -13458.4 870.923 -77.0008 -2.58121 ;
737.122 89.2529 79.001 3152.25 -1050.8 138.23 54.7541 26.5916 41.9953 -11.7065 -148.074 -2665.34 -4695.68 -34.1901 -35.2742 -193.475 -9857.24 685.247 -35.7835 -0.884097 ;
35868.3 4536.69 3152.25 161091 -141161 7327.79 3086.38 1303.15 2213.5 -609.121 -7994.46 -143900 -250333 -1511.54 -1976.67 -7922.16 -493165 34128.6 -1855.5 -41.1909 ;
-13788.6 -1360.49 -1050.8 -141161 57325.3 -2253.26 -951.972 -404.415 -670.141 146.862 2142.56 38566.1 67208.6 363.758 473.504 2699.5 165694 -11665.5 557.794 10.8891 ;
1081.21 309.505 138.23 7327.79 -2253.26 541.238 197.209 79.928 149.955 -81.5004 -630.412 -11347.4 -19735 -151.029 -272.559 -325.262 -21849.5 1436.74 -110.389 -5.97139 ;
439.189 131.141 54.7541 3086.38 -951.972 197.209 287.632 43.1622 61.4444 -44.6947 -337.863 -6081.51 -8206.26 -0.983021 -215.043 -123.768 -9035.07 603.379 -45.3162 -2.18609 ;
165.806 51.8281 26.5916 1303.15 -404.415 79.928 43.1622 51.8281 23.7622 -12.458 -101.391 -1825.03 -2965.84 -27.6748 -42.6586 -71.7152 -4187.4 280.624 -27.5327 -0.761468 ;
337.267 95.0387 41.9953 2213.5 -670.141 149.955 61.4444 23.7622 95.0387 -25.5315 -206.808 -3722.54 -6297.14 -10.1286 -84.9662 -95.3333 -6547.3 425.771 -33.5913 -1.37746 ;
-76.4425 -57.913 -11.7065 -609.121 146.862 -81.5004 -44.6947 -12.458 -25.5315 94.6701 840.894 15136.1 26704.5 199.549 293.997 -28.912 -2092.9 120.128 -20.7879 -0.319245 ;
-1053.41 -430.574 -148.074 -7994.46 2142.56 -630.412 -337.863 -101.391 -206.808 840.894 12561.9 226114 399890 1664.96 2648.63 -447.719 -32527.2 1998.94 -229.25 -2.0445 ;
-18961.4 -7750.32 -2665.34 -143900 38566.1 -11347.4 -6081.51 -1825.03 -3722.54 15136.1 226114 4.07006e+006 7.19802e+006 29969.2 47675.3 -8058.94 -585490 35980.8 -4126.49 -36.7983 ;
-33178.1 -13449.6 -4695.68 -250333 67208.6 -19735 -8206.26 -2965.84 -6297.14 26704.5 399890 7.19802e+006 1.39944e+007 78252.9 79298.4 -14166.8 -1.04643e+006 64355.7 -7246.51 -10.0478 ;
-172.264 -123.162 -34.1901 -1511.54 363.758 -151.029 -0.983021 -27.6748 -10.1286 199.549 1664.96 29969.2 78252.9 8526.48 349.19 -61.7775 -3588.02 199.776 -54.0981 0 ;
-246.863 -185.737 -35.2742 -1976.67 473.504 -272.559 -215.043 -42.6586 -84.9662 293.997 2648.63 47675.3 79298.4 349.19 1246.07 -74.3962 -6312.72 361.633 -65.3137 -1.18829 ;
-1572.03 -207.304 -193.475 -7922.16 2699.5 -325.262 -123.768 -71.7152 -95.3333 -28.912 -447.719 -8058.94 -14166.8 -61.7775 -74.3962 761.693 29799.2 -2073.86 110.68 1.43731 ;
-92257.6 -13458.4 -9857.24 -493165 165694 -21849.5 -9035.07 -4187.4 -6547.3 -2092.9 -32527.2 -585490 -1.04643e+006 -3588.02 -6312.72 29799.2 1.96437e+006 128486 7642.63 224.595 ;
6674.42 870.923 685.247 34128.6 -11665.5 1436.74 603.379 280.624 425.771 120.128 1998.94 35980.8 64355.7 199.776 361.633 -2073.86 128486 -11053.3 -477.608 -13.9477 ;
-278.692 -77.0008 -35.7835 -1855.5 557.794 -110.389 -45.3162 -27.5327 -33.5913 -20.7879 -229.25 -4126.49 -7246.51 -54.0981 -65.3137 110.68 7642.63 -477.608 97.7887 1.68878 ;
-7.54469 -2.58121 -0.884097 -41.1909 10.8891 -5.97139 -2.18609 -0.761468 -1.37746 -0.319245 -2.0445 -36.7983 -10.0478 0 -1.18829 1.43731 224.595 -13.9477 1.68878 2.90045 ;
]
+++++++++++++
Iter 2

Size = 20
Data size = 210
[ 162.252 -224.946 -78.4704 -3435.79 376.034 -264.036 -104.182 -21.6097 -128.519 14.2813 129.097 2323.76 5899.68 59.3514 44.4358 129.674 18565.7 -3232.37 106.178 20.7956 ;
-224.946 160.207 98.5678 4559.8 -1388.21 200.926 86.2654 20.9835 80.384 -53.5605 -340.008 -6120.13 -10110 -82.5326 -174.291 -132.219 -9331.11 1694.44 -53.3504 -6.81288 ;
-78.4704 98.5678 212.1 7528.39 -2848.06 123.675 43.7396 12.1955 46.8803 -9.6566 -103.493 -1862.86 -3014.02 -16.0492 -30.0307 -309.325 -15429.5 3264.53 -39.4868 -4.93967 ;
-3435.79 4559.8 7528.39 322393 -117021 6028.84 2277.48 574.909 2393.61 -504.937 -5784.15 -104115 -168209 -745.905 -1708.97 -10541.6 -651104 134910 -1873.84 -213.349 ;
376.034 -1388.21 -2848.06 -117021 47002.2 -1872.71 -679.192 -178.607 -710.974 102.239 1297.76 23359.6 37440 142.954 346.016 4056.72 239201 -51063.6 586.723 59.2445 ;
-264.036 200.926 123.675 6028.84 -1872.71 313.49 112.085 29.0382 106.87 -67.1991 -413.538 -7443.66 -12268.5 -87.0245 -229.876 -170.161 -12078.9 2204.42 -66.3278 -12.9387 ;
-104.182 86.2654 43.7396 2277.48 -679.192 112.085 181.19 15.6715 46.2608 -40.8416 -269.705 -4854.66 -6534.58 -0.220867 -197.116 -53.3963 -4231.49 768.453 -22.5389 -3.45713 ;
-21.6097 20.9835 12.1955 574.909 -178.607 29.0382 15.6715 20.9835 10.6171 -8.44073 -48.1657 -866.972 -1321.71 -15.1472 -29.659 -20.7909 -1063.48 191.482 -8.63877 -1.23904 ;
-128.519 80.384 46.8803 2393.61 -710.974 106.87 46.2608 10.6171 80.384 -25.8047 -186.861 -3363.49 -5476.7 -9.28962 -86.2903 -57.0821 -4971.23 891.537 -26.2052 -4.86445 ;
14.2813 -53.5605 -9.6566 -504.937 102.239 -67.1991 -40.8416 -8.44073 -25.8047 64.7326 412.07 7417.26 12339.6 105.572 205.386 -5.22585 -365.906 50.2921 -6.22716 -0.384599 ;
129.097 -340.008 -103.493 -5784.15 1297.76 -413.538 -269.705 -48.1657 -186.861 412.07 4680.62 84251.1 136855 572.451 1366.26 -41.9363 -3613.71 537.755 -46.1135 -3.0794 ;
2323.76 -6120.13 -1862.86 -104115 23359.6 -7443.66 -4854.66 -866.972 -3363.49 7417.26 84251.1 1.51652e+006 2.4634e+006 10304.1 24592.5 -754.853 -65046.8 9679.6 -830.043 -55.4292 ;
5899.68 -10110 -3014.02 -168209 37440 -12268.5 -6534.58 -1321.71 -5476.7 12339.6 136855 2.4634e+006 4.51249e+006 26905.2 39312.1 -1184.88 -106459 15578.2 -1439.86 -9.58 ;
59.3514 -82.5326 -16.0492 -745.905 142.954 -87.0245 -0.220867 -15.1472 -9.28962 105.572 572.451 10304.1 26905.2 3625.18 177.57 -11.9971 -554.693 67.6859 -15.6325 0 ;
44.4358 -174.291 -30.0307 -1708.97 346.016 -229.876 -197.116 -29.659 -86.2903 205.386 1366.26 24592.5 39312.1 177.57 886.613 -12.5299 -1103.2 154.506 -19.0189 -1.35641 ;
129.674 -132.219 -309.325 -10541.6 4056.72 -170.161 -53.3963 -20.7909 -57.0821 -5.22585 -41.9363 -754.853 -1184.88 -11.9971 -12.5299 630.262 22246.5 -4700.61 65.7225 7.20488 ;
18565.7 -9331.11 -15429.5 -651104 239201 -12078.9 -4231.49 -1063.48 -4971.23 -365.906 -3613.71 -65046.8 -106459 -554.693 -1103.2 22246.5 1.44786e+006 -343854 4612.12 661.561 ;
-3232.37 1694.44 3264.53 134910 -51063.6 2204.42 768.453 191.482 891.537 50.2921 537.755 9679.6 15578.2 67.6859 154.506 -4700.61 -343854 71261.1 -817.525 -116.82 ;
106.178 -53.3504 -39.4868 -1873.84 586.723 -66.3278 -22.5389 -8.63877 -26.2052 -6.22716 -46.1135 -830.043 -1439.86 -15.6325 -19.0189 65.7225 4612.12 -817.525 59.5775 3.46219 ;
20.7956 -6.81288 -4.93967 -213.349 59.2445 -12.9387 -3.45713 -1.23904 -4.86445 -0.384599 -3.0794 -55.4292 -9.58 0 -1.35641 7.20488 661.561 -116.82 3.46219 7.19748 ;
]
+++++++++++++
Iter 7

Size = 20
Data size = 210
[ 103.318 59.0134 264.607 10360.7 -2711.2 104.157 21.0545 11.2835 25.7707 8.38643 36.5532 657.96 -1245.97 -51.0173 41.4418 -450.227 -20666.6 1820.48 -27.1771 0.729412 ;
59.0134 218.95 142.267 6344.42 -1228.57 291.292 118.803 33.2849 108.332 -49.3993 -318.806 -5738.5 -10770.8 -110.595 -157.046 -249.952 -17463.3 1293.12 -84.4211 -5.44229 ;
264.607 142.267 260.365 8678.85 -1983.75 194.279 67.3656 22.2964 66.9778 -8.96915 -102.764 -1849.74 -3598.62 -28.8281 -26.4664 -488.605 -23301.6 1924.84 -57.9954 -3.21383 ;
10360.7 6344.42 8678.85 360752 -105112 9043.5 3381.6 978.699 3277.38 -438.274 -5198.02 -93564.3 -180552 -1220.91 -1404.18 -15867.8 -960834 77979.2 -2702.67 -140.005 ;
-2711.2 -1228.57 -1983.75 -105112 25676.9 -1793.44 -652.196 -194.938 -627.115 57.059 756.804 13622.5 26556.1 163.356 180.947 3687.67 212656 -17627.7 525.362 24.4339 ;
104.157 291.292 194.279 9043.5 -1793.44 467.959 161.763 46.6368 152.132 -64.5161 -413.557 -7444.01 -13999.3 -125.612 -215.075 -341.01 -24422 1825.02 -110.299 -11.6753 ;
21.0545 118.803 67.3656 3381.6 -652.196 161.763 255.029 22.5196 63.8149 -34.1763 -199.951 -3599.11 -5104.86 -0.895932 -166.221 -113.18 -9189.6 680.012 -44.8343 -3.50663 ;
11.2835 33.2849 22.2964 978.699 -194.938 46.6368 22.5196 33.2849 16.0842 -8.17274 -47.4339 -853.805 -1518.05 -22.1267 -27.9211 -43.1169 -2666.67 198.53 -17.3462 -1.02105 ;
25.7707 108.332 66.9778 3277.38 -627.115 152.132 63.8149 16.0842 108.332 -22.4349 -162.645 -2927.61 -5366.22 -11.4183 -74.4115 -110.115 -9055.73 664.494 -40.5863 -3.55629 ;
8.38643 -49.3993 -8.96915 -438.274 57.059 -64.5161 -34.1763 -8.17274 -22.4349 66.7568 448.393 8071.07 15323.7 154.631 205.997 -9.05675 -705.95 40.678 -9.68533 -0.186891 ;
36.5532 -318.806 -102.764 -5198.02 756.804 -413.557 -199.951 -47.4339 -162.645 448.393 5471.14 98480.4 192436 1167.44 1394.27 -85.4744 -7773.42 484.237 -76.834 -0.814182 ;
657.96 -5738.5 -1849.74 -93564.3 13622.5 -7444.01 -3599.11 -853.805 -2927.61 8071.07 98480.4 1.77265e+006 3.46385e+006 21014 25096.8 -1538.54 -139921 8716.25 -1383.01 -14.6548 ;
-1245.97 -10770.8 -3598.62 -180552 26556.1 -13999.3 -5104.86 -1518.05 -5366.22 15323.7 192436 3.46385e+006 7.25301e+006 54869.8 44751.4 -2922.68 -274224 17125 -2658.8 -5.14058 ;
-51.0173 -110.595 -28.8281 -1220.91 163.356 -125.612 -0.895932 -22.1267 -11.4183 154.631 1167.44 21014 54869.8 6059.89 265.827 -27.3692 -1590.22 89.6456 -30.8536 0 ;
41.4418 -157.046 -26.4664 -1404.18 180.947 -215.075 -166.221 -27.9211 -74.4115 205.997 1394.27 25096.8 44751.4 265.827 876.042 -22.0014 -2111.66 122.859 -29.8236 -0.693854 ;
-450.227 -249.952 -488.605 -15867.8 3687.67 -341.01 -113.18 -43.1169 -110.115 -9.05675 -85.4744 -1538.54 -2922.68 -27.3692 -22.0014 1249.64 44475 -3686.07 115.228 4.38314 ;
-20666.6 -17463.3 -23301.6 -960834 212656 -24422 -9189.6 -2666.67 -9055.73 -705.95 -7773.42 -139921 -274224 -1590.22 -2111.66 44475 2.91193e+006 -182863 8589.9 561.901 ;
1820.48 1293.12 1924.84 77979.2 -17627.7 1825.02 680.012 198.53 664.494 40.678 484.237 8716.25 17125 89.6456 122.859 -3686.07 -182863 14569.1 -620.898 -41.0792 ;
-27.1771 -84.4211 -57.9954 -2702.67 525.362 -110.299 -44.8343 -17.3462 -40.5863 -9.68533 -76.834 -1383.01 -2658.8 -30.8536 -29.8236 115.228 8589.9 -620.898 94.1064 2.73499 ;
0.729412 -5.44229 -3.21383 -140.005 24.4339 -11.6753 -3.50663 -1.02105 -3.55629 -0.186891 -0.814182 -14.6548 -5.14058 0 -0.693854 4.38314 561.901 -41.0792 2.73499 5.62919 ;
]
+++++++++++++
Iter 8

Size = 20
Data size = 210
[ 15.8793 -56.1957 35.7793 833.028 -206.913 -70.6405 -22.5215 -6.0217 -32.2129 -3.75301 -128.183 -2307.28 -2183.36 35.4816 -17.9119 -47.5562 -135.205 85.4559 28.9531 1.20269 ;
-56.1957 225.573 161.861 6795.71 -629.875 291.855 124.018 34.4688 112.225 -52.949 -377.703 -6798.64 -11407.1 -83.1713 -173.704 -243.483 -18745.8 736.441 -87.1724 -6.3315 ;
35.7793 161.861 354.137 11290.1 -1260.47 203.71 76.9367 24.4877 75.5525 -10.3111 -126.184 -2271.32 -3780.06 -18.6057 -32.3324 -509.587 -28836.9 1271.66 -71.8204 -4.37508 ;
833.028 6795.71 11290.1 440912 -52468.2 8959.13 3601.86 1037.08 3509.47 -497.62 -6305.59 -113501 -188105 -743.788 -1688.22 -16029.4 -1.11454e+006 48307.3 -3071.19 -185.122 ;
-206.913 -629.875 -1260.47 -52468.2 6295.43 -836.539 -331.289 -99.4402 -319.57 30.3896 428.068 7705.23 12717.1 42.3696 103.061 1780.9 119222 -5285.57 293.75 16.1664 ;
-70.6405 291.855 203.71 8959.13 -836.539 457.805 165.088 47.083 152.975 -69.4414 -487.225 -8770.03 -14724.6 -91.2419 -238.467 -307.975 -24518.2 964.391 -110.719 -13.2314 ;
-22.5215 124.018 76.9367 3601.86 -331.289 165.088 266.406 26.6708 66.1077 -41.3147 -305.308 -5495.53 -7371.63 -0.563299 -199.661 -107.273 -9510.69 373.361 -44.1496 -4.64019 ;
-6.0217 34.4688 24.4877 1037.08 -99.4402 47.083 26.6708 34.4688 17.1093 -9.08621 -60.206 -1083.7 -1671.64 -16.9307 -31.8532 -38.7777 -2813.39 110.532 -18.961 -1.29224 ;
-32.2129 112.225 75.5525 3509.47 -319.57 152.975 66.1077 17.1093 112.225 -24.6116 -199.674 -3594.13 -5944.62 -8.91307 -82.9862 -107.211 -9635.33 373.359 -42.2481 -4.04736 ;
-3.75301 -52.949 -10.3111 -497.62 30.3896 -69.4414 -41.3147 -9.08621 -24.6116 71.6598 521.995 9395.91 15909.7 117.677 228.346 -10.467 -811.858 24.9311 -10.3309 -0.353223 ;
-128.183 -377.703 -126.184 -6305.59 428.068 -487.225 -305.308 -60.206 -199.674 521.995 6833.91 123010 204965 736.814 1731.5 -104.56 -9119.33 300.624 -84.1579 -2.67181 ;
-2307.28 -6798.64 -2271.32 -113501 7705.23 -8770.03 -5495.53 -1083.7 -3594.13 9395.91 123010 2.21419e+006 3.68937e+006 13262.6 31166.9 -1882.08 -164148 5411.22 -1514.84 -48.09 ;
-2183.36 -11407.1 -3780.06 -188105 12717.1 -14724.6 -7371.63 -1671.64 -5944.62 15909.7 204965 3.68937e+006 6.84653e+006 34630.3 50363.3 -3046.74 -277154 9078.82 -2629.72 -8.59294 ;
35.4816 -83.1713 -18.6057 -743.788 42.3696 -91.2419 -0.563299 -16.9307 -8.91307 117.677 736.814 13262.6 34630.3 4203.5 198.714 -19.9551 -1096.6 30.894 -23.3268 0 ;
-17.9119 -173.704 -32.3324 -1688.22 103.061 -238.467 -199.661 -31.8532 -82.9862 228.346 1731.5 31166.9 50363.3 198.714 987.097 -26.5482 -2547.45 79.2527 -32.7185 -1.29546 ;
-47.5562 -243.483 -509.587 -16029.4 1780.9 -307.975 -107.273 -38.7777 -107.211 -10.467 -104.56 -1882.08 -3046.74 -19.9551 -26.5482 1093.46 44660.4 -1950.99 123.413 5.89705 ;
-135.205 -18745.8 -28836.9 -1.11454e+006 119222 -24518.2 -9510.69 -2813.39 -9635.33 -811.858 -9119.33 -164148 -277154 -1096.6 -2547.45 44660.4 3.37239e+006 -140460 9556.16 786.182 ;
85.4559 736.441 1271.66 48307.3 -5285.57 964.391 373.361 110.532 373.359 24.9311 300.624 5411.22 9078.82 30.894 79.2527 -1950.99 -140460 6005.25 -368.402 -31.8773 ;
28.9531 -87.1724 -71.8204 -3071.19 293.75 -110.719 -44.1496 -18.961 -42.2481 -10.3309 -84.1579 -1514.84 -2629.72 -23.3268 -32.7185 123.413 9556.16 -368.402 97.5033 3.19683 ;
1.20269 -6.3315 -4.37508 -185.122 16.1664 -13.2314 -4.64019 -1.29224 -4.04736 -0.353223 -2.67181 -48.09 -8.59294 0 -1.29546 5.89705 786.182 -31.8773 3.19683 6.68473 ;
]
+++++++++++++
Iter 9

Size = 20
Data size = 210
[ 12.3141 -62.0666 15.1694 -19.1673 -82.9667 -78.8916 -30.9366 -7.37782 -35.6044 4.52109 -17.1763 -309.168 -269.779 20.199 14.4197 -33.9674 -230.558 71.2422 27.7146 0.126653 ;
-62.0666 227.888 168.163 6957.59 -532.683 294.361 124.313 35.0757 113.21 -50.5927 -346.876 -6243.76 -10862.1 -88.0367 -164.951 -253.284 -19586 622.934 -89.9559 -6.38814 ;
15.1694 168.163 390.146 12234.7 -1137.9 211.015 79.4492 25.7017 77.9962 -9.53655 -113.005 -2034.1 -3561.11 -20.5403 -29.5506 -555.917 -31095.4 1113.46 -76.6027 -4.81173 ;
-19.1673 6957.59 12234.7 468644 -44975.1 9137.22 3651.4 1074.14 3579.93 -454.564 -5575.07 -100351 -174658 -814.246 -1526.16 -17303 -1.18251e+006 41602.3 -3220.08 -201.019 ;
-82.9667 -532.683 -1137.9 -44975.1 4499.61 -704.718 -276.846 -85.1215 -268.856 22.4386 305.993 5507.86 9590.51 38.4325 75.1807 1606.35 104682 -3769.79 255.083 15.3398 ;
-78.8916 294.361 211.015 9137.22 -704.718 461.143 165.087 47.7998 154.048 -66.3837 -447.695 -8058.5 -14032.2 -97.2899 -226.767 -319.989 -25533 812.99 -113.998 -13.3939 ;
-30.9366 124.313 79.4492 3651.4 -276.846 165.087 267.088 27.0781 66.4347 -38.2633 -262.66 -4727.87 -6448.16 -0.719554 -185.351 -111.591 -9985.54 316.569 -46.2574 -4.76653 ;
-7.37782 35.0757 25.7017 1074.14 -85.1215 47.7998 27.0781 35.0757 17.452 -8.57375 -53.8481 -969.262 -1567.92 -18.0043 -29.9292 -40.2489 -3000.59 95.4549 -19.9643 -1.33825 ;
-35.6044 113.21 77.9962 3579.93 -268.856 154.048 66.4347 17.452 113.21 -23.2253 -180.857 -3255.43 -5570.12 -9.44043 -78.1972 -110.951 -10030.6 314.374 -43.6392 -4.0336 ;
4.52109 -50.5927 -9.53655 -454.564 22.4386 -66.3837 -38.2633 -8.57375 -23.2253 68.9699 483.375 8700.75 15285.9 124.885 218.335 -10.0778 -788.232 19.4645 -10.0907 -0.276656 ;
-17.1763 -346.876 -113.005 -5575.07 305.993 -447.695 -262.66 -53.8481 -180.857 483.375 6125.81 110265 193554 818.946 1583.14 -96.2214 -8539.88 226.43 -79.3953 -1.72052 ;
-309.168 -6243.76 -2034.1 -100351 5507.86 -8058.5 -4727.87 -969.262 -3255.43 8700.75 110265 1.98476e+006 3.48397e+006 14741 28496.5 -1731.99 -153717 4075.72 -1429.11 -30.9672 ;
-269.779 -10862.1 -3561.11 -174658 9590.51 -14032.2 -6448.16 -1567.92 -5570.12 15285.9 193554 3.48397e+006 6.72031e+006 38490.4 47465.8 -2955.98 -272413 7199.12 -2562.88 -6.49415 ;
20.199 -88.0367 -20.5403 -814.246 38.4325 -97.2899 -0.719554 -18.0043 -9.44043 124.885 818.946 14741 38490.4 4572.64 211.238 -21.8205 -1229.7 28.4511 -24.9039 0 ;
14.4197 -164.951 -29.5506 -1526.16 75.1807 -226.767 -185.351 -29.9292 -78.1972 218.335 1583.14 28496.5 47465.8 211.238 941.439 -25.3529 -2461.98 61.6213 -31.8665 -1.02329 ;
-33.9674 -253.284 -555.917 -17303 1606.35 -319.989 -111.591 -40.2489 -110.951 -10.0778 -96.2214 -1731.99 -2955.98 -21.8205 -25.3529 1182.39 47953.5 -1703.27 129.939 7.33478 ;
-230.558 -19586 -31095.4 -1.18251e+006 104682 -25533 -9985.54 -3000.59 -10030.6 -788.232 -8539.88 -153717 -272413 -1229.7 -2461.98 47953.5 3.59984e+006 -121103 10031.2 808.457 ;
71.2422 622.934 1113.46 41602.3 -3769.79 812.99 316.569 95.4549 314.374 19.4645 226.43 4075.72 7199.12 28.4511 61.6213 -1703.27 -121103 4182.79 -313.712 -26.6702 ;
27.7146 -89.9559 -76.6027 -3220.08 255.083 -113.998 -46.2574 -19.9643 -43.6392 -10.0907 -79.3953 -1429.11 -2562.88 -24.9039 -31.8665 129.939 10031.2 -313.712 100.047 3.22388 ;
0.126653 -6.38814 -4.81173 -201.019 15.3398 -13.3939 -4.76653 -1.33825 -4.0336 -0.276656 -1.72052 -30.9672 -6.49415 0 -1.02329 7.33478 808.457 -26.6702 3.22388 6.6648 ;
]
+++++++++++++
Iter 11

Size = 20
Data size = 210
[ 11.4519 -72.0047 -87.2745 -2527.09 310.178 -83.9561 -26.1426 -8.16638 -37.1244 -4.21444 -1.10582 -19.8951 141.727 -81.5795 -17.7485 131.595 11835.1 -493.615 35.042 1.44364 ;
-72.0047 219.879 162.638 5360.35 -644.161 284.904 120.884 34.0996 109.213 -50.3124 -329.014 -5922.24 -10331.7 -114.381 -163.941 -234.732 -21504 846.29 -86.5993 -6.20451 ;
-87.2745 162.638 438.037 10030.1 -1523.23 202.981 76.7703 25.4927 74.9242 -9.12131 -102.175 -1839.16 -3227.6 -28.6271 -28.3741 -594.951 -38123.7 1721.56 -77.3991 -5.86062 ;
-2527.09 5360.35 10030.1 286716 -38246.3 6996.91 2790.21 824.974 2776 -378.813 -4352.01 -78336.1 -136663 -983.017 -1277.35 -13813.6 -1.08139e+006 47442.8 -2519.18 -188.787 ;
310.178 -644.161 -1523.23 -38246.3 6016.15 -846.684 -328.441 -103.04 -326.533 28.9317 369.195 6645.5 11595.7 73.1587 97.4917 2117 154981 -6990.88 316.355 25.1335 ;
-83.9561 284.904 202.981 6996.91 -846.684 448.512 160.974 46.8031 148.988 -66.836 -429.047 -7722.83 -13474.2 -129.343 -228.659 -297.957 -27863.6 1096.85 -109.891 -13.0652 ;
-26.1426 120.884 76.7703 2790.21 -328.441 160.974 260.129 26.8221 64.334 -38.3571 -252.152 -4538.71 -6194.97 -0.897507 -185.493 -103.568 -10871.4 424.09 -44.5452 -4.34204 ;
-8.16638 34.0996 25.4927 824.974 -103.04 46.8031 26.8221 34.0996 16.9067 -9.00919 -53.617 -965.099 -1570.76 -24.6963 -31.5408 -37.0472 -3265.83 129.295 -18.8403 -1.23279 ;
-37.1244 109.213 74.9242 2776 -326.533 148.988 64.334 16.9067 109.213 -22.6152 -168.717 -3036.9 -5185.33 -12.5037 -76.3675 -102.729 -11187 434.466 -42.3766 -3.92752 ;
-4.21444 -50.3124 -9.12131 -378.813 28.9317 -66.836 -38.3571 -9.00919 -22.6152 69.042 459.617 8273.11 14582.3 161.839 218.375 -9.81252 -869.874 26.3562 -10.3739 -0.280921 ;
-1.10582 -329.014 -102.175 -4352.01 369.195 -429.047 -252.152 -53.617 -168.717 459.617 5486.29 98753.2 173744 1109.22 1512.33 -86.92 -8921.98 289.756 -77.8321 -1.6661 ;
-19.8951 -5922.24 -1839.16 -78336.1 6645.5 -7722.83 -4538.71 -965.099 -3036.9 8273.11 98753.2 1.77756e+006 3.12739e+006 19966 27222 -1564.56 -160595 5215.59 -1400.98 -29.9876 ;
141.727 -10331.7 -3227.6 -136663 11595.7 -13474.2 -6194.97 -1570.76 -5185.33 14582.3 173744 3.12739e+006 6.0523e+006 52133.4 45429.1 -2688.73 -284806 9209.68 -2529.01 -6.54615 ;
-81.5795 -114.381 -28.6271 -983.017 73.1587 -129.343 -0.897507 -24.6963 -12.5037 161.839 1109.22 19966 52133.4 7071.06 273.531 -28.1602 -1802.27 51.5839 -32.5543 0 ;
-17.7485 -163.941 -28.3741 -1277.35 97.4917 -228.659 -185.493 -31.5408 -76.3675 218.375 1512.33 27222 45429.1 273.531 940.74 -24.8578 -2732.08 83.931 -32.7837 -1.05146 ;
131.595 -234.732 -594.951 -13813.6 2117 -297.957 -103.568 -37.0472 -102.729 -9.81252 -86.92 -1564.56 -2688.73 -28.1602 -24.8578 1198.79 54920.8 -2456.62 128.742 11.6575 ;
11835.1 -21504 -38123.7 -1.08139e+006 154981 -27863.6 -10871.4 -3265.83 -11187 -869.874 -8921.98 -160595 -284806 -1802.27 -2732.08 54920.8 4.77964e+006 -233514 11274.3 950.197 ;
-493.615 846.29 1721.56 47442.8 -6990.88 1096.85 424.09 129.295 434.466 26.3562 289.756 5215.59 9209.68 51.5839 83.931 -2456.62 -233514 10420.5 -439.305 -38.9386 ;
35.042 -86.5993 -77.3991 -2519.18 316.355 -109.891 -44.5452 -18.8403 -42.3766 -10.3739 -77.8321 -1400.98 -2529.01 -32.5543 -32.7837 128.742 11274.3 -439.305 96.9732 3.19526 ;
1.44364 -6.20451 -5.86062 -188.787 25.1335 -13.0652 -4.34204 -1.23279 -3.92752 -0.280921 -1.6661 -29.9876 -6.54615 0 -1.05146 11.6575 950.197 -38.9386 3.19526 6.48543 ;
]
+++++++++++++
Iter 12

Size = 20
Data size = 210
[ 4.579 -16.464 9.82334 247.025 -86.4445 -11.3748 2.24983 0.334027 -8.3663 -2.85525 12.0483 216.878 544.965 -79.1986 -13.4835 -9.83199 -433.232 38.6115 6.40977 -0.829924 ;
-16.464 226.646 165.429 5521.87 -663.006 296.725 125.455 35.8665 111.99 -49.3961 -319.389 -5749 -10029.1 -112.425 -161.112 -250.239 -22901.1 796.588 -90.1406 -5.87466 ;
9.82334 165.429 411.443 9700.46 -1456.48 209.628 78.5597 25.6386 75.9424 -8.86221 -98.4645 -1772.36 -3110.63 -28.0524 -27.6203 -581.35 -38707.4 1538.65 -77.3832 -4.94039 ;
247.025 5521.87 9700.46 283210 -42232.3 7323.89 2916.27 850.119 2834.5 -367.603 -4192.05 -75456.9 -131624 -962.244 -1241.61 -13870.4 -1.11792e+006 43169.7 -2570.31 -162.798 ;
-86.4445 -663.006 -1456.48 -42232.3 6581.03 -885.226 -344.05 -104.654 -333.265 28.173 356.99 6425.82 11210.4 71.9454 95.0969 2085.15 159025 -6310.81 320.407 20.6809 ;
-11.3748 296.725 209.628 7323.89 -885.226 470.298 168.804 49.5371 154.474 -65.873 -419.118 -7544.11 -13161.6 -127.506 -225.567 -320.139 -30154.3 1048.97 -115.666 -12.4425 ;
2.24983 125.455 78.5597 2916.27 -344.05 168.804 270.437 27.8833 66.589 -37.8092 -246.226 -4432.05 -6048.35 -0.882089 -182.887 -112.091 -11795.5 407.199 -47.2259 -4.32901 ;
0.334027 35.8665 25.6386 850.119 -104.654 49.5371 27.8833 35.8665 17.6221 -8.94081 -53.1183 -956.124 -1556.76 -24.4189 -31.3223 -40.2175 -3522.66 122.352 -20.1212 -1.23658 ;
-8.3663 111.99 75.9424 2834.5 -333.265 154.474 66.589 17.6221 111.99 -22.0743 -162.6 -2926.79 -4994.49 -12.1876 -74.6511 -109.736 -11729.4 401.584 -43.6982 -3.63799 ;
-2.85525 -49.3961 -8.86221 -367.603 28.173 -65.873 -37.8092 -8.94081 -22.0743 68.6275 454.657 8183.81 14430.5 160.96 217.25 -10.2017 -907.394 24.3124 -10.6461 -0.273163 ;
12.0483 -319.389 -98.4645 -4192.05 356.99 -419.118 -246.226 -53.1183 -162.6 454.657 5408.42 97351.5 171361 1101.24 1497.61 -91.5594 -9365.37 268.88 -80.3277 -1.58975 ;
216.878 -5749 -1772.36 -75456.9 6425.82 -7544.11 -4432.05 -956.124 -2926.79 8183.81 97351.5 1.75233e+006 3.0845e+006 19822.3 26957 -1648.07 -168576 4839.82 -1445.9 -28.6131 ;
544.965 -10029.1 -3110.63 -131624 11210.4 -13161.6 -6048.35 -1556.76 -4994.49 14430.5 171361 3.0845e+006 5.97045e+006 51758.3 44996.6 -2834.44 -299097 8552.57 -2608.69 -6.30799 ;
-79.1986 -112.425 -28.0524 -962.244 71.9454 -127.506 -0.882089 -24.4189 -12.1876 160.96 1101.24 19822.3 51758.3 7024.64 272.386 -29.1226 -1882.6 47.8427 -33.2756 0 ;
-13.4835 -161.112 -27.6203 -1241.61 95.0969 -225.567 -182.887 -31.3223 -74.6511 217.25 1497.61 26957 44996.6 272.386 936.456 -25.9754 -2862.25 77.7496 -33.7722 -1.02582 ;
-9.83199 -250.239 -581.35 -13870.4 2085.15 -320.139 -112.091 -40.2175 -109.736 -10.2017 -91.5594 -1648.07 -2834.44 -29.1226 -25.9754 1196.51 58555.4 -2303.32 133.064 8.78493 ;
-433.232 -22901.1 -38707.4 -1.11792e+006 159025 -30154.3 -11795.5 -3522.66 -11729.4 -907.394 -9365.37 -168576 -299097 -1882.6 -2862.25 58555.4 5.18005e+006 -197173 11864.6 918.162 ;
38.6115 796.588 1538.65 43169.7 -6310.81 1048.97 407.199 122.352 401.584 24.3124 268.88 4839.82 8552.57 47.8427 77.7496 -2303.32 -197173 7731.32 -407.716 -33.5228 ;
6.40977 -90.1406 -77.3832 -2570.31 320.407 -115.666 -47.2259 -20.1212 -43.6982 -10.6461 -80.3277 -1445.9 -2608.69 -33.2756 -33.7722 133.064 11864.6 -407.716 100.787 3.00044 ;
-0.829924 -5.87466 -4.94039 -162.798 20.6809 -12.4425 -4.32901 -1.23658 -3.63799 -0.273163 -1.58975 -28.6131 -6.30799 0 -1.02582 8.78493 918.162 -33.5228 3.00044 6.14782 ;
]
+++++++++++++
Iter 14

Size = 20
Data size = 210
[ 7.03041 -15.4306 -40.7718 -671.974 125.327 -8.9802 1.18343 -0.35234 -4.87107 -1.61706 2.78264 50.0949 -19.223 34.982 -7.14629 64.4397 5202.62 -225.457 4.82754 -0.369207 ;
-15.4306 228.242 167.307 4598 -720.603 299.445 126.162 36.3315 112.915 -49.1146 -320.444 -5767.98 -10125.9 -78.1477 -160.024 -250.758 -25191 892.919 -91.3925 -5.84478 ;
-40.7718 167.307 440.123 7995.53 -1591.58 213.062 79.6982 27.097 76.8458 -8.85998 -99.8601 -1797.48 -3192.48 -17.3335 -27.4413 -614.717 -43801.1 1775.59 -79.255 -5.81937 ;
-671.974 4598 7995.53 185143 -33890.7 6103.96 2423.67 720.09 2374.45 -325.88 -3708.35 -66750.2 -117855 -541.927 -1093.07 -11392.7 -998829 39114.1 -2143.64 -149.594 ;
125.327 -720.603 -1591.58 -33890.7 6828.57 -964.034 -372.44 -116.464 -365.172 32.9109 416.031 7488.55 13254.9 52.2432 109.986 2281.42 187301 -7543.25 349.31 26.6231 ;
-8.9802 299.445 213.062 6103.96 -964.034 475.471 169.391 50.2475 156.026 -65.8013 -423.225 -7618.04 -13388.2 -87.8994 -224.436 -324.178 -33217.6 1178.33 -117.455 -12.479 ;
1.18343 126.162 79.6982 2423.67 -372.44 169.391 271.679 28.0953 67.0069 -37.4181 -240.947 -4337.03 -5955.26 -0.612691 -180.808 -112.252 -12942.4 454.58 -47.9817 -4.1622 ;
-0.35234 36.3315 27.097 720.09 -116.464 50.2475 28.0953 36.3315 17.9203 -8.86277 -53.0006 -954.005 -1560.85 -16.1133 -31.0689 -41.3411 -3964.54 141.375 -20.4537 -1.20214 ;
-4.87107 112.915 76.8458 2374.45 -365.172 156.026 67.0069 17.9203 112.915 -22.2339 -165.358 -2976.44 -5145.03 -7.9417 -74.64 -109.697 -13007.3 455.3 -44.2406 -3.61045 ;
-1.61706 -49.1146 -8.85998 -325.88 32.9109 -65.8013 -37.4181 -8.86277 -22.2339 68.8995 461.885 8313.93 14768.6 114.652 217.882 -10.49 -1019.53 28.0064 -10.9297 -0.253018 ;
2.78264 -320.444 -99.8601 -3708.35 416.031 -423.225 -240.947 -53.0006 -165.358 461.885 5550.99 99917.8 178525 717.228 1507.94 -95.2937 -10709.6 314.795 -83.4961 -1.40444 ;
50.0949 -5767.98 -1797.48 -66750.2 7488.55 -7618.04 -4337.03 -954.005 -2976.44 8313.93 99917.8 1.79852e+006 3.21345e+006 12910.1 27142.8 -1715.29 -192773 5666.29 -1502.93 -25.2778 ;
-19.223 -10125.9 -3192.48 -117855 13254.9 -13388.2 -5955.26 -1560.85 -5145.03 14768.6 178525 3.21345e+006 6.27674e+006 33709.7 45676 -2985.4 -346951 10172.3 -2722.3 -6.19187 ;
34.982 -78.1477 -17.3335 -541.927 52.2432 -87.8994 -0.612691 -16.1133 -7.9417 114.652 717.228 12910.1 33709.7 3854.99 196.582 -20.845 -1428.48 36.5303 -24.7237 0 ;
-7.14629 -160.024 -27.4413 -1093.07 109.986 -224.436 -180.808 -31.0689 -74.64 217.882 1507.94 27142.8 45676 196.582 936.828 -26.7128 -3200.81 88.9568 -34.8066 -0.9504 ;
64.4397 -250.758 -614.717 -11392.7 2281.42 -324.178 -112.252 -41.3411 -109.697 -10.49 -95.2937 -1715.29 -2985.4 -20.845 -26.7128 1276.33 65037.7 -2608.24 136.416 12.2763 ;
5202.62 -25191 -43801.1 -998829 187301 -33217.6 -12942.4 -3964.54 -13007.3 -1019.53 -10709.6 -192773 -346951 -1428.48 -3200.81 65037.7 6.27315e+006 -258955 13158.7 1023.16 ;
-225.457 892.919 1775.59 39114.1 -7543.25 1178.33 454.58 141.375 455.3 28.0064 314.795 5666.29 10172.3 36.5303 88.9568 -2608.24 -258955 10451.2 -461.625 -38.2103 ;
4.82754 -91.3925 -79.255 -2143.64 349.31 -117.455 -47.9817 -20.4537 -44.2406 -10.9297 -83.4961 -1502.93 -2722.3 -24.7237 -34.8066 136.416 13158.7 -461.625 102.322 3.04431 ;
-0.369207 -5.84478 -5.81937 -149.594 26.6231 -12.479 -4.1622 -1.20214 -3.61045 -0.253018 -1.40444 -25.2778 -6.19187 0 -0.9504 12.2763 1023.16 -38.2103 3.04431 6.0978 ;
]
+++++++++++++
Iter 15

Size = 20
Data size = 210
[ 6.24387 6.25797 -3.82963 179.248 -33.6597 19.8918 12.4618 3.13429 6.3345 -0.924007 9.97804 179.612 214.763 35.8307 -4.97976 9.24542 -71.0041 -18.3228 -6.40558 -1.19483 ;
6.25797 230.747 168.728 4655.04 -729.329 303.939 127.884 37.0392 113.896 -48.7279 -316.239 -5692.29 -9990.26 -77.5407 -158.837 -257.48 -25826.3 874.97 -92.7505 -5.73032 ;
-3.82963 168.728 434.762 7981.79 -1584.95 216.163 80.3312 27.1962 77.2889 -8.74755 -98.1985 -1767.57 -3138.28 -17.1634 -27.1192 -617.729 -44561.7 1727.33 -79.6886 -5.53326 ;
179.248 4655.04 7981.79 185909 -35433.4 6218.19 2463.39 729.932 2393.95 -321.63 -3646.82 -65642.8 -115855 -536.282 -1079.74 -11569.2 -1.01977e+006 38161.7 -2168.05 -143.476 ;
-33.6597 -729.329 -1584.95 -35433.4 7133.79 -981.895 -378.461 -117.347 -367.957 32.4736 409.071 7363.28 13027.5 51.6979 108.622 2306.56 191027 -7352.92 352.7 25.2739 ;
19.8918 303.939 216.163 6218.19 -981.895 483.904 172.408 51.3503 158.069 -65.3788 -418.676 -7536.15 -13240.6 -87.299 -223.092 -333.957 -34262.8 1161.56 -119.706 -12.2586 ;
12.4618 127.884 80.3312 2463.39 -378.461 172.408 275.567 28.5219 67.8301 -37.1915 -238.487 -4292.75 -5893.49 -0.607433 -179.729 -115.541 -13340.5 447.764 -49.0038 -4.15978 ;
3.13429 37.0392 27.1962 729.932 -117.347 51.3503 28.5219 37.0392 18.2042 -8.83031 -52.735 -949.224 -1552.99 -16.0261 -30.9656 -42.6455 -4081.79 138.638 -20.9672 -1.20399 ;
6.3345 113.896 77.2889 2393.95 -367.957 158.069 67.8301 18.2042 113.896 -22.0067 -162.715 -2928.86 -5060.46 -7.86158 -73.9236 -112.524 -13243.3 442.486 -44.7192 -3.5046 ;
-0.924007 -48.7279 -8.74755 -321.63 32.4736 -65.3788 -37.1915 -8.83031 -22.0067 68.6867 459.243 8266.37 14683.2 114.281 217.296 -10.6306 -1034.07 27.1302 -11.0209 -0.250433 ;
9.97804 -316.239 -98.1985 -3646.82 409.071 -418.676 -238.487 -52.735 -162.715 459.243 5508.27 99148.7 177132 713.709 1500.19 -96.9693 -10879.5 305.399 -84.2979 -1.38071 ;
179.612 -5692.29 -1767.57 -65642.8 7363.28 -7536.15 -4292.75 -949.224 -2928.86 8266.37 99148.7 1.78468e+006 3.18837e+006 12846.8 27003.5 -1745.45 -195830 5497.17 -1517.36 -24.8505 ;
214.763 -9990.26 -3138.28 -115855 13027.5 -13240.6 -5893.49 -1552.99 -5060.46 14683.2 177132 3.18837e+006 6.22689e+006 33544.3 45437.4 -3038.2 -352429 9868.76 -2747.6 -6.10301 ;
35.8307 -77.5407 -17.1634 -536.282 51.6979 -87.299 -0.607433 -16.0261 -7.86158 114.281 713.709 12846.8 33544.3 3840.46 195.994 -21.0509 -1447.96 35.4136 -24.8777 0 ;
-4.97976 -158.837 -27.1192 -1079.74 108.622 -223.092 -179.729 -30.9656 -73.9236 217.296 1500.19 27003.5 45437.4 195.994 934.564 -27.1205 -3251.78 86.313 -35.1472 -0.941842 ;
9.24542 -257.48 -617.729 -11569.2 2306.56 -333.957 -115.541 -42.6455 -112.524 -10.6306 -96.9693 -1745.45 -3038.2 -21.0509 -27.1205 1290.96 67464.8 -2586.98 138.846 11.3821 ;
-71.0041 -25826.3 -44561.7 -1.01977e+006 191027 -34262.8 -13340.5 -4081.79 -13243.3 -1034.07 -10879.5 -195830 -352429 -1447.96 -3251.78 67464.8 6.51985e+006 -245698 13454.8 1016.18 ;
-18.3228 874.97 1727.33 38161.7 -7352.92 1161.56 447.764 138.638 442.486 27.1302 305.399 5497.17 9868.76 35.4136 86.313 -2586.98 -245698 9480.38 -451.129 -36.4088 ;
-6.40558 -92.7505 -79.6886 -2168.05 352.7 -119.706 -49.0038 -20.9672 -44.7192 -11.0209 -84.2979 -1517.36 -2747.6 -24.8777 -35.1472 138.846 13454.8 -451.129 103.771 2.97818 ;
-1.19483 -5.73032 -5.53326 -143.476 25.2739 -12.2586 -4.15978 -1.20399 -3.5046 -0.250433 -1.38071 -24.8505 -6.10301 0 -0.941842 11.3821 1016.18 -36.4088 2.97818 5.98075 ;
]
+++++++++++++
Iter 16

Size = 20
Data size = 210
[ 8.08903 -7.42602 -18.9232 -193.771 55.5978 -5.65341 -6.2282 -0.258333 -2.74757 2.50057 3.16326 56.9456 64.9468 -59.519 16.6907 19.4094 2315.4 -118.353 0.408099 -0.285213 ;
-7.42602 235.129 173.654 3997.96 -762.267 308.084 128.523 37.3901 116.173 -49.9896 -329.183 -5925.3 -10379.5 -109.678 -161.234 -264.32 -25347.5 920.558 -94.0654 -5.95072 ;
-18.9232 173.654 450.808 6621.14 -1605.48 222.307 81.6821 28.5939 79.5909 -9.14669 -103.69 -1866.42 -3296.39 -27.4124 -27.9722 -639.423 -43920.7 1823.45 -81.4228 -5.89117 ;
-193.771 3997.96 6621.14 126006 -28254.3 5310.79 2097.84 630.619 2061.33 -298.383 -3371.51 -60687.2 -106439 -747.667 -990.036 -9539.28 -812551 32391.7 -1844.29 -124.589 ;
55.5978 -762.267 -1605.48 -28254.3 6855.6 -1020.38 -392.97 -123.769 -386.65 37.0607 464.35 8358.3 14669.9 89.9164 122.498 2316.04 185414 -7604.93 364.846 26.6573 ;
-5.65341 308.084 222.307 5310.79 -1020.38 487.507 171.535 51.2935 160.286 -66.3059 -432.1 -7777.8 -13639.2 -124.182 -223.95 -343.018 -33457.5 1215.78 -120.973 -12.7295 ;
-6.2282 128.523 81.6821 2097.84 -392.97 171.535 275.804 28.0889 68.563 -37.3724 -245.186 -4413.33 -6032.06 -0.820743 -180.679 -116.058 -12878.9 463.079 -49.1932 -4.24082 ;
-0.258333 37.3901 28.5939 630.619 -123.769 51.2935 28.0889 37.3901 18.4454 -8.86752 -54.4925 -980.859 -1607.64 -23.8943 -30.373 -44.3607 -4025.28 147.031 -21.1383 -1.21296 ;
-2.74757 116.173 79.5909 2061.33 -386.65 160.286 68.563 18.4454 116.173 -22.5317 -167.899 -3022.17 -5176.43 -11.3425 -75.4253 -115.168 -13010.2 466.133 -45.5612 -3.66734 ;
2.50057 -49.9896 -9.14669 -298.383 37.0607 -66.3059 -37.3724 -8.86752 -22.5317 70.1977 477.431 8593.75 15229.6 159.487 219.421 -11.0964 -1029.38 29.0061 -11.2396 -0.264451 ;
3.16326 -329.183 -103.69 -3371.51 464.35 -432.1 -245.186 -54.4925 -167.899 477.431 5789.88 104218 184737 1099.13 1539.4 -103.546 -10993.6 331.306 -87.6294 -1.5739 ;
56.9456 -5925.3 -1866.42 -60687.2 8358.3 -7777.8 -4413.33 -980.859 -3022.17 8593.75 104218 1.87592e+006 3.32526e+006 19784.4 27709.2 -1863.83 -197885 5963.49 -1577.33 -28.3282 ;
64.9468 -10379.5 -3296.39 -106439 14669.9 -13639.2 -6032.06 -1607.64 -5176.43 15229.6 184737 3.32526e+006 6.47534e+006 51659.3 46476.8 -3218.54 -353533 10617.6 -2856.33 -6.52105 ;
-59.519 -109.678 -27.4124 -747.667 89.9164 -124.182 -0.820743 -23.8943 -11.3425 159.487 1099.13 19784.4 51659.3 6747.28 264.996 -30.3308 -2045.12 54.5327 -34.2418 0 ;
16.6907 -161.234 -27.9722 -990.036 122.498 -223.95 -180.679 -30.373 -75.4253 219.421 1539.4 27709.2 46476.8 264.996 940.305 -27.6646 -3179.25 90.6403 -35.1211 -0.984271 ;
19.4094 -264.32 -639.423 -9539.28 2316.04 -343.018 -116.058 -44.3607 -115.168 -11.0964 -103.546 -1863.83 -3218.54 -30.3308 -27.6646 1359.38 66284.2 -2720.45 141.432 12.2922 ;
2315.4 -25347.5 -43920.7 -812551 185414 -33457.5 -12878.9 -4025.28 -13010.2 -1029.38 -10993.6 -197885 -353533 -2045.12 -3179.25 66284.2 6.09863e+006 -251469 13170.4 1007.98 ;
-118.353 920.558 1823.45 32391.7 -7604.93 1215.78 463.079 147.031 466.133 29.0061 331.306 5963.49 10617.6 54.5327 90.6403 -2720.45 -251469 10392.1 -473.054 -38.6144 ;
0.408099 -94.0654 -81.4228 -1844.29 364.846 -120.973 -49.1932 -21.1383 -45.5612 -11.2396 -87.6294 -1577.33 -2856.33 -34.2418 -35.1211 141.432 13170.4 -473.054 105.305 3.09852 ;
-0.285213 -5.95072 -5.89117 -124.589 26.6573 -12.7295 -4.24082 -1.21296 -3.66734 -0.264451 -1.5739 -28.3282 -6.52105 0 -0.984271 12.2922 1007.98 -38.6144 3.09852 6.21517 ;
]
+++++++++++++
Iter 17

Size = 20
Data size = 210
[ 7.97961 2.68688 -1.98438 123.995 -16.4863 7.78635 -1.04436 1.38599 2.44004 2.54956 3.30821 59.5544 62.2853 -59.7425 16.83 -6.15359 -10.4722 -24.6669 -4.64447 -0.655888 ;
2.68688 236.309 174.393 4021.22 -766.637 310.219 129.337 37.7325 116.63 -49.8763 -328.092 -5905.66 -10346.5 -109.526 -160.885 -267.645 -25630.7 912.331 -94.6688 -5.90008 ;
-1.98438 174.393 449.355 6626.54 -1605.33 223.9 81.989 28.6665 79.8122 -9.11654 -103.293 -1859.26 -3284.6 -27.3865 -27.8849 -643.061 -44306 1803.35 -81.6531 -5.76965 ;
123.995 4021.22 6626.54 126401 -28857.5 5357.35 2113.58 635.132 2069.34 -297.363 -3358.11 -60446 -106035 -746.722 -986.791 -9629.56 -820676 32063.7 -1854.27 -122.566 ;
-16.4863 -766.637 -1605.33 -28857.5 7003.17 -1029.38 -395.847 -124.345 -388.059 36.9384 462.585 8326.53 14616.7 89.84 122.109 2334.36 187207 -7526 366.604 26.1242 ;
7.78635 310.219 223.9 5357.35 -1029.38 491.528 172.959 51.826 161.251 -66.2032 -431.176 -7761.16 -13611.9 -124.091 -223.621 -347.89 -33929.9 1208.42 -121.992 -12.6316 ;
-1.04436 129.337 81.989 2113.58 -395.847 172.959 277.643 28.2948 68.9482 -37.3071 -244.546 -4401.81 -6016.3 -0.822696 -180.368 -117.603 -13053.4 459.952 -49.6536 -4.2409 ;
1.38599 37.7325 28.6665 635.132 -124.345 51.826 28.2948 37.7325 18.5824 -8.86444 -54.5045 -981.076 -1608.37 -23.8858 -30.3631 -45.0192 -4079.42 145.82 -21.3762 -1.21423 ;
2.44004 116.63 79.8122 2069.34 -388.059 161.251 68.9482 18.5824 116.63 -22.4592 -167.131 -3008.36 -5152.93 -11.3091 -75.1986 -116.502 -13114.2 460.252 -45.7674 -3.61902 ;
2.54956 -49.8763 -9.11654 -297.363 36.9384 -66.2032 -37.3071 -8.86444 -22.4592 70.1942 477.482 8594.66 15234.4 159.589 219.426 -11.1851 -1038.26 28.6686 -11.2992 -0.263289 ;
3.30821 -328.092 -103.293 -3358.11 462.585 -431.176 -244.546 -54.5045 -167.131 477.482 5792.09 104257 184860 1100.74 1539.6 -104.699 -11109.7 328.066 -88.2322 -1.56234 ;
59.5544 -5905.66 -1859.26 -60446 8326.53 -7761.16 -4401.81 -981.076 -3008.36 8594.66 104257 1.87663e+006 3.32748e+006 19813.3 27712.8 -1884.58 -199973 5905.17 -1588.18 -28.1201 ;
62.2853 -10346.5 -3284.6 -106035 14616.7 -13611.9 -6016.3 -1608.37 -5152.93 15234.4 184860 3.32748e+006 6.48092e+006 51734.8 46489.5 -3255.51 -357360 10517.3 -2875.95 -6.48768 ;
-59.7425 -109.526 -27.3865 -746.722 89.84 -124.091 -0.822696 -23.8858 -11.3091 159.589 1100.74 19813.3 51734.8 6753.64 265.234 -30.5642 -2064.93 54.0021 -34.4136 0 ;
16.83 -160.885 -27.8849 -986.791 122.109 -223.621 -180.368 -30.3631 -75.1986 219.426 1539.6 27712.8 46489.5 265.234 940.373 -27.9078 -3208.43 89.6304 -35.3256 -0.98046 ;
-6.15359 -267.645 -643.061 -9629.56 2334.36 -347.89 -117.603 -45.0192 -116.502 -11.1851 -104.699 -1884.58 -3255.51 -30.5642 -27.9078 1371.44 67496.9 -2715.99 142.661 11.9145 ;
-10.4722 -25630.7 -44306 -820676 187207 -33929.9 -13053.4 -4079.42 -13114.2 -1038.26 -11109.7 -199973 -357360 -2064.93 -3208.43 67496.9 6.20651e+006 -245712 13304.1 1005.78 ;
-24.6669 912.331 1803.35 32063.7 -7526 1208.42 459.952 145.82 460.252 28.6686 328.066 5905.17 10517.3 54.0021 89.6304 -2715.99 -245712 9953.48 -468.352 -37.8313 ;
-4.64447 -94.6688 -81.6531 -1854.27 366.604 -121.992 -49.6536 -21.3762 -45.7674 -11.2992 -88.2322 -1588.18 -2875.95 -34.4136 -35.3256 142.661 13304.1 -468.352 105.968 3.06943 ;
-0.655888 -5.90008 -5.76965 -122.566 26.1242 -12.6316 -4.2409 -1.21423 -3.61902 -0.263289 -1.56234 -28.1201 -6.48768 0 -0.98046 11.9145 1005.78 -37.8313 3.06943 6.16337 ;
]
+++++++++++++
Iter 18

Size = 20
Data size = 210
[ 11.523 -17.885 -32.7507 -277.929 119.823 -28.2949 -12.6776 -3.55471 -10.0491 5.21154 42.6827 768.296 1343.08 0.439928 15.8812 42.8666 2113.17 -136.902 7.6162 0.777425 ;
-17.885 233.622 175.859 2891.17 -798.234 304.584 127.329 36.7322 115.452 -49.3536 -314.553 -5661.95 -9908.92 -92.0644 -160.92 -267.156 -18877.3 938.159 -93.335 -6.10325 ;
-32.7507 175.859 469.999 4490.13 -1585.11 224.809 82.4816 29.102 80.1285 -8.7457 -95.4334 -1717.8 -3027.85 -21.1072 -27.2189 -664.134 -31994.3 1821.14 -82.8888 -6.11084 ;
-277.929 2891.17 4490.13 59046.6 -18443.8 3816.52 1520.89 452.603 1492.5 -231.828 -2480.56 -44650 -78286.9 -479.044 -782.743 -6437.19 -402682 21743.6 -1322.72 -89.6828 ;
119.823 -798.234 -1585.11 -18443.8 6343.06 -1061.2 -413.244 -128.05 -407.02 42.164 494.796 8906.32 15630.1 82.4057 141.533 2261.66 132095 -7348.12 378.059 27.1741 ;
-28.2949 304.584 224.809 3816.52 -1061.2 478.778 168.827 49.8896 158.367 -65.1614 -411.123 -7400.2 -12969.3 -103.063 -222.415 -345.188 -24774.1 1231.85 -119.29 -12.9651 ;
-12.6776 127.329 82.4816 1520.89 -413.244 168.827 273.191 27.5368 67.9756 -37.3205 -238.204 -4287.66 -5884.97 -0.562049 -181.162 -115.974 -9554.12 471.117 -48.4497 -4.30568 ;
-3.55471 36.7322 29.102 452.603 -128.05 49.8896 27.5368 36.7322 18.2254 -8.61165 -51.3741 -924.728 -1516.35 -19.4929 -30.0439 -44.4347 -2980.75 149.18 -20.7676 -1.20622 ;
-10.0491 115.452 80.1285 1492.5 -407.02 158.367 67.9756 18.2254 115.452 -22.342 -160.632 -2891.38 -4968.36 -9.61166 -75.3681 -115.44 -9662.28 473.785 -45.2362 -3.74918 ;
