============== BHHH ===============

Size = 20
Data size = 210
[ 25.8139 0.410292 -23.0793 -40.8723 77.392 2.21453 -1.577 0.665974 -0.0286499 9.06881 380.522 6849.39 12880.6 0.531961 30.2368 0.477885 56.3542 -35.9691 -4.25654 -0.201072 ;
0.410292 220.64 213.579 2908.89 -975.731 304.91 116.778 33.9374 104.801 -50.7211 -272.879 -4911.81 -8578.25 -75.0575 -164.916 -286.055 -14661.2 981.227 -82.5482 -5.5413 ;
-23.0793 213.579 912.948 6832.06 -3001.1 295.775 91.0908 25.2185 79.2697 -6.9273 -132.744 -2389.39 -3856.01 -8.73607 -26.6322 -1119.02 -32468.7 2504.77 -89.7556 -6.34104 ;
-40.8723 2908.89 6832.06 69689.8 -27880.7 4145.66 1402.84 387.164 1383.93 -167.683 -2997.93 -53962.7 -91003.7 -246.261 -671.499 -8258.69 -339835 24796.6 -1269.14 -80.8109 ;
77.392 -975.731 -3001.1 -27880.7 11817 -1407.96 -454.649 -127.167 -441.187 39.7448 868.658 15635.8 25941.9 44.7041 159.174 3527.22 133105 -10002.2 434.01 28.2067 ;
2.21453 304.91 295.775 4145.66 -1407.96 520.866 156.126 49.4479 147.152 -72.4699 -391.442 -7045.95 -12084.4 -89.4132 -252.845 -364.534 -20318.2 1354.57 -110.843 -11.5306 ;
-1.577 116.778 91.0908 1402.84 -454.649 156.126 251.46 27.8179 61.9464 -36.756 -239.898 -4318.15 -6425.04 -6.36741 -178.923 -106.8 -6882.01 452.783 -40.1605 -1.73325 ;
0.665974 33.9374 25.2185 387.164 -127.167 49.4479 27.8179 33.9374 14.9941 -11.9705 -43.2296 -778.131 -1416.58 -6.49927 -41.4288 -37.4975 -1958.47 130.766 -14.5926 -0.772099 ;
-0.0286499 104.801 79.2697 1383.93 -441.187 147.152 61.9464 14.9941 104.801 -23.0925 -187.861 -3381.49 -6097.16 1.75506 -82.7549 -102.213 -7114.72 467.121 -38.3272 -3.12009 ;
9.06881 -50.7211 -6.9273 -167.683 39.7448 -72.4699 -36.756 -11.9705 -23.0925 66.8112 538.468 9692.43 17035.8 123.676 217.263 -6.38517 -696.965 39.4778 -10.8941 -0.860681 ;
380.522 -272.879 -132.744 -2997.93 868.658 -391.442 -239.898 -43.2296 -187.861 538.468 20163.5 362943 655020 603.458 2090.88 -140.878 -16120.6 989.478 -200.75 -31.0805 ;
6849.39 -4911.81 -2389.39 -53962.7 15635.8 -7045.95 -4318.15 -778.131 -3381.49 9692.43 362943 6.53297e+006 1.17904e+007 10862.2 37635.9 -2535.81 -290170 17810.6 -3613.51 -559.45 ;
12880.6 -8578.25 -3856.01 -91003.7 25941.9 -12084.4 -6425.04 -1416.58 -6097.16 17035.8 655020 1.17904e+007 2.26586e+007 28362.5 63058.5 -3786.55 -427716 24887.1 -7032.65 -215.868 ;
0.531961 -75.0575 -8.73607 -246.261 44.7041 -89.4132 -6.36741 -6.49927 1.75506 123.676 603.458 10862.2 28362.5 2996.2 226.603 -14.6448 -1368.87 61.5761 -41.8515 0 ;
30.2368 -164.916 -26.6322 -671.499 159.174 -252.845 -178.923 -41.4288 -82.7549 217.263 2090.88 37635.9 63058.5 226.603 959.277 -23.9719 -2651.6 154.805 -37.0842 -3.43625 ;
0.477885 -286.055 -1119.02 -8258.69 3527.22 -364.534 -106.8 -37.4975 -102.213 -6.38517 -140.878 -2535.81 -3786.55 -14.6448 -23.9719 2448.32 49148.7 -3848.29 128.943 15.661 ;
56.3542 -14661.2 -32468.7 -339835 133105 -20318.2 -6882.01 -1958.47 -7114.72 -696.965 -16120.6 -290170 -427716 -1368.87 -2651.6 49148.7 2.09832e+006 -156859 6989.15 775.467 ;
-35.9691 981.227 2504.77 24796.6 -10002.2 1354.57 452.783 130.766 467.121 39.4778 989.478 17810.6 24887.1 61.5761 154.805 -3848.29 -156859 12021.4 -456.672 -58.368 ;
-4.25654 -82.5482 -89.7556 -1269.14 434.01 -110.843 -40.1605 -14.5926 -38.3272 -10.8941 -200.75 -3613.51 -7032.65 -41.8515 -37.0842 128.943 6989.15 -456.672 93.4422 1.6159 ;
-0.201072 -5.5413 -6.34104 -80.8109 28.2067 -11.5306 -1.73325 -0.772099 -3.12009 -0.860681 -31.0805 -559.45 -215.868 0 -3.43625 15.661 775.467 -58.368 1.6159 6.40199 ;
]

============== Hessian ===============

Size = 20
Data size = 210
[ 11.835 0.696281 -1.52097 126.402 -19.751 1.19936 0.615727 0.241236 0.16875 0.357777 -1.20692 -21.7169 -38.9997 0.331579 0.957253 0.695207 -66.2518 -15.1291 -0.438314 0.114609 ;
0.696281 234.962 175.356 2839.96 -887.071 308.057 128.896 37.2407 115.994 -50.5916 -326.029 -5868.51 -10266.7 -92.2089 -164.448 -269.425 -15638.4 1041.24 -93.3597 -5.97856 ;
-1.52097 175.356 462.334 4338.33 -1733.94 225.621 82.1962 28.8921 79.717 -9.05255 -99.4339 -1789.81 -3155.34 -21.0583 -28.0271 -667.616 -25768.3 1971.52 -82.2479 -6.08989 ;
126.402 2839.96 4338.33 56131.5 -20518 3774.96 1502.03 444.906 1462.74 -236.918 -2545.28 -45815 -80325 -474.206 -795.757 -6352.92 -320654 23220.3 -1292.68 -86.5796 ;
-19.751 -887.071 -1733.94 -20518 8012.11 -1187.83 -461.082 -141.667 -451.024 49.0279 577.349 10392.3 18239.9 92.7264 163.674 2533.89 118541 -8851.74 418.066 29.929 ;
1.19936 308.057 225.621 3774.96 -1187.83 486.894 171.999 50.9336 160.057 -67.0592 -428.284 -7709.11 -13505.1 -103.634 -228.053 -350.663 -20669.7 1377.43 -120.078 -12.7281 ;
0.615727 128.896 82.1962 1502.03 -461.082 171.999 276.797 27.982 68.6257 -38.2427 -246.187 -4431.34 -6079.28 -0.575019 -185.29 -117.284 -7965.61 526.637 -48.8107 -4.18654 ;
0.241236 37.2407 28.8921 444.906 -141.667 50.9336 27.982 37.2407 18.416 -8.9558 -54.0612 -973.096 -1591.83 -19.5299 -31.1412 -44.9606 -2460.66 164.62 -20.8042 -1.17796 ;
0.16875 115.994 79.717 1462.74 -451.024 160.057 68.6257 18.416 115.994 -22.9706 -166.86 -3003.48 -5160.4 -9.4844 -77.1551 -116.099 -8005.98 526.341 -45.1108 -3.64657 ;
0.357777 -50.5916 -9.05255 -236.918 49.0279 -67.0592 -38.2427 -8.9558 -22.9706 70.2072 472.315 8501.66 15059.8 134.065 221.405 -10.7805 -686.94 35.3141 -11.0237 -0.267765 ;
-1.20692 -326.029 -99.4339 -2545.28 577.349 -428.284 -246.187 -54.0612 -166.86 472.315 5578.31 100410 178266 860.388 1538.51 -100.487 -7133.39 392.434 -87.11 -1.51247 ;
-21.7169 -5868.51 -1789.81 -45815 10392.3 -7709.11 -4431.34 -973.096 -3003.48 8501.66 100410 1.80737e+006 3.2088e+006 15487 27693.2 -1808.76 -128401 7063.8 -1567.98 -27.2227 ;
-38.9997 -10266.7 -3155.34 -80325 18239.9 -13505.1 -6079.28 -1591.83 -5160.4 15059.8 178266 3.2088e+006 6.24373e+006 40438.3 46498.8 -3125.47 -230307 12623.8 -2838.99 -6.61388 ;
0.331579 -92.2089 -21.0583 -474.206 92.7264 -103.634 -0.575019 -19.5299 -9.4844 134.065 860.388 15487 40438.3 4956.38 227.912 -24.6717 -1145.6 54.5312 -28.8916 0 ;
0.957253 -164.448 -28.0271 -795.757 163.674 -228.053 -185.29 -31.1412 -77.1551 221.405 1538.51 27693.2 46498.8 227.912 951.892 -27.1031 -2126.46 110.743 -34.6497 -0.996329 ;
0.695207 -269.425 -667.616 -6352.92 2533.89 -350.663 -117.284 -44.9606 -116.099 -10.7805 -100.487 -1808.76 -3125.47 -24.6717 -27.1031 1427.33 39622.1 -2994.61 143.38 12.7577 ;
-66.2518 -15638.4 -25768.3 -320654 118541 -20669.7 -7965.61 -2460.66 -8005.98 -686.94 -7133.39 -128401 -230307 -1145.6 -2126.46 39622.1 2.11623e+006 -155256 8139.2 624.504 ;
-15.1291 1041.24 1971.52 23220.3 -8851.74 1377.43 526.637 164.62 526.341 35.3141 392.434 7063.8 12623.8 54.5312 110.743 -2994.61 -155256 11674.7 -534.604 -44.164 ;
-0.438314 -93.3597 -82.2479 -1292.68 418.066 -120.078 -48.8107 -20.8042 -45.1108 -11.0237 -87.11 -1567.98 -2838.99 -28.8916 -34.6497 143.38 8139.2 -534.604 104.383 3.11789 ;
0.114609 -5.97856 -6.08989 -86.5796 29.929 -12.7281 -4.18654 -1.17796 -3.64657 -0.267765 -1.51247 -27.2227 -6.61388 0 -0.996329 12.7577 624.504 -44.164 3.11789 6.24633 ;
]

