# This file has automatically been generated
# biogeme 2.6a [Wed, Apr 19, 2017 7:57:38 AM]
# <a href='http://people.epfl.ch/michel.bierlaire'>Michel Bierlaire</a>, <a href='http://transp-or.epfl.ch'>Transport and Mobility Laboratory</a>, <a href='http://www.epfl.ch'>Ecole Polytechnique F&eacute;d&eacute;rale de Lausanne (EPFL)</a>
# 12/16/18 00:40:58</p>
#
ALFA = Beta('ALFA',0,0,1,0,'ALFA' )

ASC_CAR = Beta('ASC_CAR',-0.392382,-10000,10000,0,'ASC_CAR' )

BETA_COST_SHARE_CAR = Beta('BETA_COST_SHARE_CAR',-0.537649,-10000,10000,0,'BETA_COST_SHARE_CAR' )

BETA_TIME_CAR = Beta('BETA_TIME_CAR',-0.116886,-10000,10000,0,'BETA_TIME_CAR' )

LAMBDA_TIME_CAR = Beta('LAMBDA_TIME_CAR',0.634663,-1000,1000,0,'LAMBDA_TIME_CAR' )

BETA_NbCar = Beta('BETA_NbCar',1.20728,-10000,10000,0,'BETA_NbCar' )

BETA_NbChild = Beta('BETA_NbChild',0.194943,-10000,10000,0,'BETA_NbChild' )

BETA_LANGUAGE = Beta('BETA_LANGUAGE',0.999911,-10000,10000,0,'BETA_LANGUAGE' )

BETA_WorkTrip = Beta('BETA_WorkTrip',-0.48784,-10000,10000,0,'BETA_WorkTrip' )

ASC_CAR_3 = Beta('ASC_CAR_3',-0.819596,-10000,10000,1,'ASC_CAR_3' )

BETA_COST_SHARE_CAR_3 = Beta('BETA_COST_SHARE_CAR_3',-0.546384,-10000,10000,1,'BETA_COST_SHARE_CAR_3' )

BETA_TIME_CAR_3 = Beta('BETA_TIME_CAR_3',-0.0212809,-10000,10000,1,'BETA_TIME_CAR_3' )

BETA_NbCar_3 = Beta('BETA_NbCar_3',1.20775,-10000,10000,1,'BETA_NbCar_3' )

BETA_NbChild_3 = Beta('BETA_NbChild_3',0.191268,-10000,10000,1,'BETA_NbChild_3' )

BETA_LANGUAGE_3 = Beta('BETA_LANGUAGE_3',1.02732,-10000,10000,1,'BETA_LANGUAGE_3' )

BETA_WorkTrip_3 = Beta('BETA_WorkTrip_3',-0.539565,-10000,10000,1,'BETA_WorkTrip_3' )

ASC_SM = Beta('ASC_SM',-0.214492,-10000,10000,0,'ASC_SM' )

ASC_DIST = Beta('ASC_DIST',-10.0601,-10000,10000,0,'ASC_DIST' )

BETA_DIST_YOUNG = Beta('BETA_DIST_YOUNG',0.543692,-10000,10000,0,'BETA_DIST_YOUNG' )

BETA_DIST_ADULT = Beta('BETA_DIST_ADULT',0.00173394,-10000,10000,0,'BETA_DIST_ADULT' )

BETA_DIST_OLD = Beta('BETA_DIST_OLD',-0.0314762,-10000,10000,0,'BETA_DIST_OLD' )

BETA_Nbikes = Beta('BETA_Nbikes',0.305965,-10000,10000,0,'BETA_Nbikes' )

ASC_SM_3 = Beta('ASC_SM_3',-0.471445,-10000,10000,1,'ASC_SM_3' )

ASC_DIST_3 = Beta('ASC_DIST_3',-9.77888,-10000,10000,1,'ASC_DIST_3' )

BETA_DIST_YOUNG_3 = Beta('BETA_DIST_YOUNG_3',0.529798,-10000,10000,1,'BETA_DIST_YOUNG_3' )

BETA_DIST_ADULT_3 = Beta('BETA_DIST_ADULT_3',0.00171794,-10000,10000,1,'BETA_DIST_ADULT_3' )

BETA_DIST_OLD_3 = Beta('BETA_DIST_OLD_3',-0.030165,-10000,10000,1,'BETA_DIST_OLD_3' )

BETA_Nbikes_3 = Beta('BETA_Nbikes_3',0.304771,-10000,10000,1,'BETA_Nbikes_3' )

BETA_COST_SHARE_PT = Beta('BETA_COST_SHARE_PT',-0.282418,-10000,10000,0,'BETA_COST_SHARE_PT' )

BETA_TIME_PT = Beta('BETA_TIME_PT',-0.0171342,-10000,10000,0,'BETA_TIME_PT' )

LAMBDA_TIME_PT = Beta('LAMBDA_TIME_PT',0.950993,-1000,1000,0,'LAMBDA_TIME_PT' )

BETA_Urban = Beta('BETA_Urban',0.222731,-10000,10000,0,'BETA_Urban' )

BETA_Student = Beta('BETA_Student',3.2869,-10000,10000,0,'BETA_Student' )

BETA_COST_SHARE_PT_3 = Beta('BETA_COST_SHARE_PT_3',-0.316804,-10000,10000,1,'BETA_COST_SHARE_PT_3' )

BETA_TIME_PT_3 = Beta('BETA_TIME_PT_3',-0.0109667,-10000,10000,1,'BETA_TIME_PT_3' )

BETA_Urban_3 = Beta('BETA_Urban_3',0.192654,-10000,10000,1,'BETA_Urban_3' )

BETA_Student_3 = Beta('BETA_Student_3',3.17509,-10000,10000,1,'BETA_Student_3' )


## Code for the sensitivity analysis
names = ['ALFA','ASC_CAR','ASC_DIST','ASC_SM','BETA_COST_SHARE_CAR','BETA_COST_SHARE_PT','BETA_DIST_ADULT','BETA_DIST_OLD','BETA_DIST_YOUNG','BETA_LANGUAGE','BETA_NbCar','BETA_NbChild','BETA_Nbikes','BETA_Student','BETA_TIME_CAR','BETA_TIME_PT','BETA_Urban','BETA_WorkTrip','LAMBDA_TIME_CAR','LAMBDA_TIME_PT']
values = [[4.93097e-022,1.68903e-012,3.99796e-012,3.55818e-012,1.60676e-012,8.01263e-013,-1.4789e-015,1.57528e-015,-2.54207e-013,-2.82089e-013,1.095e-014,-5.46044e-015,-8.36117e-014,8.77859e-013,-9.58215e-013,-1.44434e-013,3.26129e-014,-1.19579e-013,-2.27881e-012,-1.92094e-012],[-8.1285e-014,0.0611491,-0.0335919,0.0267109,-0.00136808,0.00154514,-1.54106e-005,0.000155708,0.00184967,-0.00130973,-0.0193537,-0.000830754,0.000135235,-0.0182496,-0.00211775,0.000737621,0.00824922,-0.00341754,-0.00457162,0.00850732],[-3.55302e-012,-0.0335918,7.83082,-0.0125758,0.00615326,-0.00231007,0.00285462,-0.00687329,-0.439307,0.0215111,0.0372413,-0.0116157,-0.0101045,0.299421,0.0154153,0.00397649,-0.00377914,0.00569647,0.0152292,0.0299703],[1.26543e-014,0.0267109,-0.0125759,0.174229,0.00611198,0.00251376,-0.000113179,-0.000295433,-0.000201056,-0.000928539,0.000959169,-0.000938739,-0.0132997,0.0118173,-0.0101516,-0.00148834,0.00784752,-0.00165091,-0.0157703,-0.0136642],[1.04353e-012,-0.00136808,0.00615326,0.00611198,0.0411659,0.00874263,-5.06022e-006,1.55392e-005,-0.000335799,-0.00336552,0.00426472,0.000883356,-0.000375599,-0.000451942,-0.00209665,-0.000619965,0.000569681,-3.73466e-005,-0.00335951,-0.011434],[6.21144e-013,0.00154514,-0.00231007,0.00251376,0.00874263,0.00550787,-1.82037e-006,1.00101e-005,0.000146002,-0.000425804,0.00107478,-0.000123516,-0.000259241,-0.00189809,-0.000579064,-9.30558e-005,-0.000333555,-0.000864102,-0.0022655,-0.00214368],[-2.60065e-015,-1.54106e-005,0.00285462,-0.000113179,-5.06022e-006,-1.82037e-006,5.49644e-006,-1.28347e-005,-0.000167591,-2.9958e-005,2.69563e-005,-3.41685e-005,3.08468e-005,0.000198895,1.67019e-005,4.28751e-006,-3.05814e-005,-6.14162e-006,1.82886e-005,3.63031e-005],[1.05273e-014,0.000155708,-0.00687329,-0.000295433,1.55392e-005,1.00101e-005,-1.28347e-005,0.000157604,0.000402807,0.000212556,-7.87168e-005,5.06694e-005,3.87845e-005,-0.000486854,-5.68296e-005,-1.28651e-005,8.95796e-005,-3.91889e-005,-7.17778e-005,-0.000114325],[1.86908e-013,0.00184967,-0.43931,-0.000201057,-0.000335799,0.000146002,-0.000167591,0.000402807,0.0246709,-0.00112433,-0.00214671,0.000695797,0.0005074,-0.0172684,-0.000733327,-0.000196071,0.000246609,-0.000284514,-0.000656162,-0.00142692],[-2.00136e-013,-0.00130973,0.0215111,-0.000928539,-0.00336552,-0.000425804,-2.9958e-005,0.000212556,-0.00112433,0.0309046,-0.00108114,-0.000515468,-0.000103678,-0.000212418,0.000375809,6.08976e-005,0.00509536,-0.000858051,0.000661452,0.00105149],[3.03793e-013,-0.0193537,0.0372413,0.000959169,0.00426472,0.00107478,2.69563e-005,-7.87168e-005,-0.00214671,-0.00108114,0.0164488,-0.000573311,0.000265804,0.0146954,-0.000491386,-0.000186938,-0.000783261,-0.0032362,-0.000742196,-0.00244963],[1.60537e-014,-0.000830754,-0.0116157,-0.000938739,0.000883356,-0.000123516,-3.41685e-005,5.06694e-005,0.000695797,-0.000515468,-0.000573311,0.00518213,0.00101753,0.00143028,-0.00022468,-2.92612e-005,0.000556454,-9.11873e-005,-0.000140121,-0.000270915],[1.22126e-013,0.000135235,-0.0101045,-0.0132997,-0.000375599,-0.000259241,3.08468e-005,3.87845e-005,0.0005074,-0.000103678,0.000265804,0.00101753,0.0044142,0.00264507,-8.59278e-005,2.17083e-006,0.000191546,-0.000342126,-0.000118252,5.21059e-005],[1.26132e-013,-0.0182496,0.299421,0.0118173,-0.000451942,-0.00189809,0.000198895,-0.000486854,-0.0172684,-0.000212418,0.0146954,0.00143028,0.00264507,0.182463,-0.00343667,-0.00086528,-0.0045831,-0.000478167,-0.00495343,-0.00860318],[-7.03133e-013,-0.00211775,0.0154153,-0.0101516,-0.00209665,-0.000579064,1.67019e-005,-5.68296e-005,-0.000733327,0.000375809,-0.000491386,-0.00022468,-8.59278e-005,-0.00343667,0.00287799,0.000532453,-0.000281586,0.000108994,0.00491334,0.00545115],[-1.29747e-013,0.000737621,0.00397649,-0.00148834,-0.000619965,-9.30558e-005,4.28751e-006,-1.28651e-005,-0.000196071,6.08976e-005,-0.000186938,-2.92612e-005,2.17083e-006,-0.00086528,0.000532453,0.000162558,-0.000138145,0.000108804,0.000854769,0.0017661],[-2.79533e-013,0.00824922,-0.00377915,0.00784752,0.000569681,-0.000333555,-3.05814e-005,8.95796e-005,0.000246609,0.00509536,-0.000783261,0.000556454,0.000191546,-0.0045831,-0.000281586,-0.000138145,0.0186407,-0.000844576,-0.00011795,-0.00134806],[-5.1556e-014,-0.00341754,0.00569647,-0.00165091,-3.73466e-005,-0.000864102,-6.14162e-006,-3.91889e-005,-0.000284514,-0.000858051,-0.0032362,-9.11873e-005,-0.000342126,-0.000478167,0.000108994,0.000108804,-0.000844576,0.0168438,0.000674839,0.0014345],[-1.83252e-012,-0.00457162,0.0152292,-0.0157703,-0.00335951,-0.0022655,1.82886e-005,-7.17778e-005,-0.000656162,0.000661452,-0.000742196,-0.000140121,-0.000118252,-0.00495343,0.00491334,0.000854769,-0.00011795,0.000674839,0.0106743,0.0100099],[-1.75056e-012,0.00850732,0.0299703,-0.0136642,-0.011434,-0.00214368,3.63031e-005,-0.000114325,-0.00142692,0.00105149,-0.00244963,-0.000270915,5.21059e-005,-0.00860318,0.00545115,0.0017661,-0.00134806,0.0014345,0.0100099,0.0209495]]
vc = bioMatrix(20,names,values)
BIOGEME_OBJECT.VARCOVAR = vc
