Iter 0

Size = 19
Data size = 190
[ 338.667 2010.74 310.458 14209.6 500.889 208.444 88 155.778 -1881.14 -294.79 -18510 -85.8889 -6.11111 -169.333 -7109.39 -127946 -219897 -6879.68 -452.333 ;
2010.74 37343.8 5814.58 225788 2931.41 1091.87 430.84 903.193 -24010.9 -3721.32 -207199 -506.68 -43.9844 -1005.37 -137802 -2.48034e+006 -4.40047e+006 -147227 -2666.18 ;
310.458 5814.58 1059.2 35035.4 427.954 152.767 63.055 126.331 -3721.32 -674.814 -31983.1 -77.0025 -7.14915 -155.229 -21425 -385632 -717451 -31227.4 -374.509 ;
14209.6 225788 35035.4 1.43898e+006 20692.4 7954.89 3067.56 6474 -154115 -23876.9 -1.36058e+006 -3579.89 -309.222 -7104.78 -830904 -1.49555e+007 -2.6336e+007 -854188 -18851.4 ;
500.889 2931.41 427.954 20692.4 907.556 327.778 145.778 241.778 -2992.23 -441.479 -27727.3 -124.444 -10.7778 -250.444 -10391.6 -186999 -314745 -7554.38 -712.556 ;
208.444 1091.87 152.767 7954.89 327.778 454.667 78 100.444 -1149.2 -158.925 -11566.8 -53.8889 -3.33333 -104.222 -3842.84 -69140.1 -86702.1 -58.0444 -457 ;
88 430.84 63.055 3067.56 145.778 78 88 36.4444 -554.861 -82.9965 -4904.33 -31.1111 -0.888889 -44 -1503.37 -27054.4 -44891 -1495.51 -115.778 ;
155.778 903.193 126.331 6474 241.778 100.444 36.4444 155.778 -807.928 -114.595 -8432.22 -37.5556 -4.33333 -77.8889 -3199.49 -57570.6 -87208.9 -304.444 -225.444 ;
-1881.14 -24010.9 -3721.32 -154115 -2992.23 -1149.2 -554.861 -807.928 134010 20728.3 711709 1934.54 88.6889 -1881.14 -175747 -3.1634e+006 -5.30456e+006 -159312 -4919.28 ;
-294.79 -3721.32 -674.814 -23876.9 -441.479 -158.925 -82.9965 -114.595 20728.3 3680.09 110538 289.585 15.5342 -294.79 -27223.7 -490013 -857900 -34199.7 -698.46 ;
-18510 -207199 -31983.1 -1.36058e+006 -27727.3 -11566.8 -4904.33 -8432.22 711709 110538 6.69714e+006 18192.4 1495.78 -18510 -1.50401e+006 -2.70693e+007 -4.65638e+007 -1.55887e+006 -49765 ;
-85.8889 -506.68 -77.0025 -3579.89 -124.444 -53.8889 -31.1111 -37.5556 1934.54 289.585 18192.4 171.778 6.22222 -85.8889 -3564.52 -64149.5 -111597 -4253.18 -230 ;
-6.11111 -43.9844 -7.14915 -309.222 -10.7778 -3.33333 -0.888889 -4.33333 88.6889 15.5342 1495.78 6.22222 12.2222 -6.11111 -313.867 -5626.32 -1288.23 0 -23.6667 ;
-169.333 -1005.37 -155.229 -7104.78 -250.444 -104.222 -44 -77.8889 -1881.14 -294.79 -18510 -85.8889 -6.11111 338.667 14218.8 255891 439793 13759.4 904.667 ;
-7109.39 -137802 -21425 -830904 -10391.6 -3842.84 -1503.37 -3199.49 -175747 -27223.7 -1.50401e+006 -3564.52 -313.867 14218.8 2.05015e+006 3.69013e+007 6.55792e+007 2.15775e+006 37931.9 ;
-127946 -2.48034e+006 -385632 -1.49555e+007 -186999 -69140.1 -27054.4 -57570.6 -3.1634e+006 -490013 -2.70693e+007 -64149.5 -5626.32 255891 3.69013e+007 6.64201e+008 1.18043e+009 3.88396e+007 682546 ;
-219897 -4.40047e+006 -717451 -2.6336e+007 -314745 -86702.1 -44891 -87208.9 -5.30456e+006 -857900 -4.65638e+007 -111597 -1288.23 439793 6.55792e+007 1.18043e+009 2.47222e+009 1.01414e+008 1.05061e+006 ;
-6879.68 -147227 -31227.4 -854188 -7554.38 -58.0444 -1495.51 -304.444 -159312 -34199.7 -1.55887e+006 -4253.18 0 13759.4 2.15775e+006 3.88396e+007 1.01414e+008 1.47673e+007 15499.6 ;
-452.333 -2666.18 -374.509 -18851.4 -712.556 -457 -115.778 -225.444 -4919.28 -698.46 -49765 -230 -23.6667 904.667 37931.9 682546 1.05061e+006 15499.6 3558 ;
]
+++++++++++++
Iter 1

Size = 19
Data size = 190
[ 358.639 1975.55 304.262 14246 531.513 222.207 93.8032 166.643 -2104.97 -326.597 -20795.5 -93.2736 -7.13985 -173.017 -4981.81 -89647.1 -153661 -4708.42 -460.154 ;
1975.55 30796.6 4761.24 189273 2898.56 1120.98 439.397 926.751 -27617.3 -4237.7 -246316 -628.825 -55.4406 -729.753 -48643.9 -875488 -1.56765e+006 -50766.4 -1923.4 ;
304.262 4761.24 868.11 29136.4 421.197 156.135 64.197 130.955 -4237.7 -769.826 -37759.8 -95.0254 -9.09645 -113.088 -7443.55 -133965 -247854 -10628.7 -273.816 ;
14246 189273 29136.4 1.23262e+006 20847.8 8287.35 3167.71 6751.49 -173853 -26667.9 -1.58837e+006 -4328.87 -374.455 -5668.7 -331126 -5.95939e+006 -1.05232e+007 -318151 -14945.5 ;
531.513 2898.56 421.197 20847.8 964.57 350.099 155.29 259.065 -3350.4 -488.865 -31023.8 -134.761 -12.5504 -257.369 -7478.03 -134552 -225125 -5571.08 -729.341 ;
222.207 1120.98 156.135 8287.35 350.099 484.956 83.348 107.658 -1315.76 -181.567 -13105 -58.2774 -3.63544 -108.019 -2946.51 -53002.1 -66715.4 -64.4681 -475.72 ;
93.8032 439.397 64.197 3167.71 155.29 83.348 93.8032 38.9888 -620.852 -91.6491 -5348.46 -32.8416 -0.921516 -46.8846 -1206.99 -21718.3 -35007.6 -1136.57 -123.268 ;
166.643 926.751 130.955 6751.49 259.065 107.658 38.9888 166.643 -932.416 -131.449 -9793.35 -41.6198 -5.25651 -79.3987 -2436.44 -43834.3 -67644.2 -294.386 -228.63 ;
-2104.97 -27617.3 -4237.7 -173853 -3350.4 -1315.76 -620.852 -932.416 95359.3 14694 510886 1559.67 52.5092 -969.665 -36874.9 -663717 -1.14248e+006 -32818.2 -2491.63 ;
-326.597 -4237.7 -769.826 -26667.9 -488.865 -181.567 -91.6491 -131.449 14694 2618 78943.5 233.505 10.2076 -154.916 -5630.21 -101334 -178750 -6629.99 -363.561 ;
-20795.5 -246316 -37759.8 -1.58837e+006 -31023.8 -13105 -5348.46 -9793.35 510886 78943.5 4.95977e+006 15095.2 1221.12 -9998.38 -367755 -6.61763e+006 -1.12895e+007 -331431 -26820.7 ;
-93.2736 -628.825 -95.0254 -4328.87 -134.761 -58.2774 -32.8416 -41.6198 1559.67 233.505 15095.2 155.416 5.60883 -62.1423 -1269.09 -22835.1 -39166 -1466.78 -166.011 ;
-7.13985 -55.4406 -9.09645 -374.455 -12.5504 -3.63544 -0.921516 -5.25651 52.5092 10.2076 1221.12 5.60883 11.0916 -3.95176 -96.5073 -1721.39 -370.081 0 -14.8545 ;
-173.017 -729.753 -113.088 -5668.7 -257.369 -108.019 -46.8846 -79.3987 -969.665 -154.916 -9998.38 -62.1423 -3.95176 293.572 7713.67 138805 237713 7399.97 779.82 ;
-4981.81 -48643.9 -7443.55 -331126 -7478.03 -2946.51 -1206.99 -2436.44 -36874.9 -5630.21 -367755 -1269.09 -96.5073 7713.67 502855 9.05023e+006 1.61779e+007 517017 20432.6 ;
-89647.1 -875488 -133965 -5.95939e+006 -134552 -53002.1 -21718.3 -43834.3 -663717 -101334 -6.61763e+006 -22835.1 -1721.39 138805 9.05023e+006 1.62885e+008 2.91203e+008 9.3063e+006 367581 ;
-153661 -1.56765e+006 -247854 -1.05232e+007 -225125 -66715.4 -35007.6 -67644.2 -1.14248e+006 -178750 -1.12895e+007 -39166 -370.081 237713 1.61779e+007 2.91203e+008 5.94646e+008 2.42998e+007 569025 ;
-4708.42 -50766.4 -10628.7 -318151 -5571.08 -64.4681 -1136.57 -294.386 -32818.2 -6629.99 -331431 -1466.78 0 7399.97 517017 9.3063e+006 2.42998e+007 4.40347e+006 8402.19 ;
-460.154 -1923.4 -273.816 -14945.5 -729.341 -475.72 -123.268 -228.63 -2491.63 -363.561 -26820.7 -166.011 -14.8545 779.82 20432.6 367581 569025 8402.19 3048.78 ;
]
+++++++++++++
Iter 2

Size = 19
Data size = 190
[ 358.565 1942.31 299.713 14028.2 530.759 221.658 93.8324 166.524 -2652.49 -410.46 -26307 -112.005 -8.75246 -132.495 -2465.23 -44355.5 -76005.1 -2428.1 -351.068 ;
1942.31 31069.5 4812.11 190506 2843.03 1094.18 427.678 909.908 -34368.7 -5261.81 -307430 -781.894 -68.0984 -377.272 -12952.4 -233076 -401639 -11447.4 -984.382 ;
299.713 4812.11 876.768 29413.4 414.139 152.893 62.9187 128.784 -5261.81 -950.821 -47099.5 -117.98 -11.268 -59.7256 -2001.78 -36019.1 -63473.8 -2260 -143.082 ;
14028.2 190506 29413.4 1.23791e+006 20481.7 8097.58 3100.27 6642.57 -218615 -33490.1 -2.00359e+006 -5414.58 -464.759 -3180.89 -102017 -1.83571e+006 -3.15267e+006 -90806.3 -8271.1 ;
530.759 2843.03 414.139 20481.7 961.826 348.42 155.156 258.497 -4233.78 -616.353 -39382.4 -161.965 -15.3964 -196.001 -3707.82 -66703.7 -110958 -2925.64 -552.784 ;
221.658 1094.18 152.893 8097.58 348.42 483.364 83.2265 107.534 -1660.7 -228.795 -16565.2 -69.9399 -4.50671 -82.6656 -1511.01 -27170.8 -33971.5 -50.2881 -364.961 ;
93.8324 427.678 62.9187 3100.27 155.156 83.2265 93.8324 38.8813 -782.464 -115.574 -6709.14 -39.1865 -1.1291 -37.229 -639.532 -11505.1 -18510.2 -703.336 -97.8207 ;
166.524 909.908 128.784 6642.57 258.497 107.534 38.8813 166.524 -1186.83 -167.908 -12506.7 -50.6712 -6.4347 -58.6704 -1209.9 -21763 -33665.9 -204.299 -169.177 ;
-2652.49 -34368.7 -5261.81 -218615 -4233.78 -1660.7 -782.464 -1186.83 104497 16077.5 561511 1680.87 61.4078 -667.979 -16022.9 -288390 -492095 -15364.6 -1700.12 ;
-410.46 -5261.81 -950.821 -33490.1 -616.353 -228.795 -115.574 -167.908 16077.5 2857.47 86712.9 251.408 11.6762 -108.947 -2542.79 -45763.6 -80516.6 -3124.94 -252.136 ;
-26307 -307430 -47099.5 -2.00359e+006 -39382.4 -16565.2 -6709.14 -12506.7 561511 86712.9 5.44452e+006 16276.6 1315.05 -6978.46 -168871 -3.03824e+006 -5.17394e+006 -153551 -18641.2 ;
-112.005 -781.894 -117.98 -5414.58 -161.965 -69.9399 -39.1865 -50.6712 1680.87 251.408 16276.6 163.775 5.92418 -51.7697 -750.206 -13496.8 -23187.4 -905.009 -137.894 ;
-8.75246 -68.0984 -11.268 -464.759 -15.3964 -4.50671 -1.1291 -6.4347 61.4078 11.6762 1315.05 5.92418 11.7723 -3.01983 -53.9674 -960.185 -171.482 0 -11.3187 ;
-132.495 -377.272 -59.7256 -3180.89 -196.001 -82.6656 -37.229 -58.6704 -667.979 -108.947 -6978.46 -51.7697 -3.01983 230.231 4033.14 72566.7 124512 4066.32 609.325 ;
-2465.23 -12952.4 -2001.78 -102017 -3707.82 -1511.01 -639.532 -1209.9 -16022.9 -2542.79 -168871 -750.206 -53.9674 4033.14 138622 2.49445e+006 4.29386e+006 122649 10558 ;
-44355.5 -233076 -36019.1 -1.83571e+006 -66703.7 -27170.8 -11505.1 -21763 -288390 -45763.6 -3.03824e+006 -13496.8 -960.185 72566.7 2.49445e+006 4.48876e+007 7.72905e+007 2.20768e+006 189892 ;
-76005.1 -401639 -63473.8 -3.15267e+006 -110958 -33971.5 -18510.2 -33665.9 -492095 -80516.6 -5.17394e+006 -23187.4 -171.482 124512 4.29386e+006 7.72905e+007 1.53773e+008 5.76451e+006 293116 ;
-2428.1 -11447.4 -2260 -90806.3 -2925.64 -50.2881 -703.336 -204.299 -15364.6 -3124.94 -153551 -905.009 0 4066.32 122649 2.20768e+006 5.76451e+006 1.17951e+006 4385.25 ;
-351.068 -984.382 -143.082 -8271.1 -552.784 -364.961 -97.8207 -169.177 -1700.12 -252.136 -18641.2 -137.894 -11.3187 609.325 10558 189892 293116 4385.25 2380.73 ;
]
+++++++++++++
Iter 3

Size = 19
Data size = 190
[ 342.157 1763.36 273.135 12740.5 502.081 208.212 87.7627 158.444 -2430.92 -377.887 -25250.6 -112.913 -9.61946 -112.415 -1444.55 -25988.8 -45998.9 -1429.83 -298.956 ;
1763.36 28308 4399.73 170554 2505.96 975.955 383.839 835.299 -32469.1 -5039.9 -301726 -764.215 -72.6474 -231.361 -4899.82 -88158.2 -157212 -4016.81 -597.542 ;
273.135 4399.73 817.153 26421.7 366.896 137.501 57.3218 118.679 -5039.9 -932.394 -46378.1 -116.464 -12.1992 -37.3671 -787.212 -14162.5 -26013.5 -835.861 -87.8065 ;
12740.5 170554 26421.7 1.08887e+006 18171.8 7215.79 2784.16 6100.55 -202612 -31463.5 -1.94325e+006 -5280.07 -495.403 -2060.03 -42482.8 -764323 -1.36135e+006 -35803.1 -5304.88 ;
502.081 2505.96 366.896 18171.8 905.329 323.426 144.466 243.604 -3820.04 -558.566 -37022.8 -161.066 -16.9814 -166.228 -2157.17 -38804.1 -66966.7 -1730.16 -468.844 ;
208.212 975.955 137.501 7215.79 323.426 450.921 76.0242 101.208 -1467.65 -204.876 -15323.6 -69.3713 -4.605 -70.2302 -862.137 -15495.9 -19537 -34.034 -312.984 ;
87.7627 383.839 57.3218 2784.16 144.466 76.0242 87.7627 35.7278 -686.164 -103.746 -5918.43 -37.038 -1.15324 -33.6667 -420.744 -7567.46 -12542.5 -486.5 -89.6342 ;
158.444 835.299 118.679 6100.55 243.604 101.208 35.7278 158.444 -1101.58 -157.044 -12322.9 -51.8158 -7.21812 -47.2436 -659.966 -11869.8 -19118.4 -137.347 -137.112 ;
-2430.92 -32469.1 -5039.9 -202612 -3820.04 -1467.65 -686.164 -1101.58 81972.2 12670.8 454791 1394.09 55.3343 -335.219 -5340.33 -96116.9 -171108 -5272.78 -848.343 ;
-377.887 -5039.9 -932.394 -31463.5 -558.566 -204.876 -103.746 -157.044 12670.8 2286.58 70478.6 209.537 10.7111 -55.0097 -873.216 -15715.3 -28866.2 -1105.31 -125.357 ;
-25250.6 -301726 -46378.1 -1.94325e+006 -37022.8 -15323.6 -5918.43 -12322.9 454791 70478.6 4.59542e+006 14209.9 1211.84 -3680.4 -60693.6 -1.09195e+006 -1.93063e+006 -54458.4 -9723.26 ;
-112.913 -764.215 -116.464 -5280.07 -161.066 -69.3713 -37.038 -51.8158 1394.09 209.537 14209.9 149.302 5.58286 -36.3894 -382.569 -6883.36 -12265.6 -472.865 -96.6993 ;
-9.61946 -72.6474 -12.1992 -495.403 -16.9814 -4.605 -1.15324 -7.21812 55.3343 10.7111 1211.84 5.58286 11.351 -1.73152 -22.3654 -398.53 -77.392 0 -6.27111 ;
-112.415 -231.361 -37.3671 -2060.03 -166.228 -70.2302 -33.6667 -47.2436 -335.219 -55.0097 -3680.4 -36.3894 -1.73152 179.141 2185.04 39313.7 69767.1 2201.77 473.79 ;
-1444.55 -4899.82 -787.212 -42482.8 -2157.17 -862.137 -420.744 -659.966 -5340.33 -873.216 -60693.6 -382.569 -22.3654 2185.04 46810.9 842244 1.50139e+006 38776.2 5634.83 ;
-25988.8 -88158.2 -14162.5 -764323 -38804.1 -15495.9 -7567.46 -11869.8 -96116.9 -15715.3 -1.09195e+006 -6883.36 -398.53 39313.7 842244 1.51545e+007 2.70255e+007 697971 101337 ;
-45998.9 -157212 -26013.5 -1.36135e+006 -66966.7 -19537 -12542.5 -19118.4 -171108 -28866.2 -1.93063e+006 -12265.6 -77.392 69767.1 1.50139e+006 2.70255e+007 5.51139e+007 1.82248e+006 161602 ;
-1429.83 -4016.81 -835.861 -35803.1 -1730.16 -34.034 -486.5 -137.347 -5272.78 -1105.31 -54458.4 -472.865 0 2201.77 38776.2 697971 1.82248e+006 328573 2380.04 ;
-298.956 -597.542 -87.8065 -5304.88 -468.844 -312.984 -89.6342 -137.112 -848.343 -125.357 -9723.26 -96.6993 -6.27111 473.79 5634.83 101337 161602 2380.04 1849.68 ;
]
+++++++++++++
Iter 4

Size = 19
Data size = 190
[ 311.861 1444.08 223.167 10620.5 455.215 186.557 76.8297 144.639 -2049.75 -319.364 -22562.4 -111.516 -9.99024 -85.8838 -808.703 -14551.3 -26520 -673.113 -230.386 ;
1444.08 21169.6 3249.34 129090 2060.33 785.562 296.465 700.211 -25985.9 -3962.8 -237823 -647.18 -70.1579 -134.399 -2063.85 -37136.5 -68716.5 -1388.24 -347.268 ;
223.167 3249.34 601.908 19809.2 299.346 111.978 44.4873 99.9351 -3962.8 -722.25 -36210.5 -99.1447 -12.07 -21.6655 -333.856 -6007.28 -11412.5 -291.945 -51.002 ;
10620.5 129090 19809.2 835994 15188.2 5889.1 2175.84 5187.26 -165012 -25272.4 -1.56348e+006 -4591.71 -492.543 -1222.78 -18629.3 -335205 -619764 -12868.1 -3148.54 ;
455.215 2060.33 299.346 15188.2 818.793 287.459 126.43 220.312 -3184.24 -466.271 -32951.4 -158.348 -17.7253 -127.103 -1205.3 -21684.8 -38838.2 -843.342 -360.37 ;
186.557 785.562 111.978 5889.1 287.459 401.552 65.4147 90.4006 -1212.09 -171.757 -13472 -66.9126 -4.7725 -53.6026 -461.776 -8300.41 -10755.6 -18.7343 -238.918 ;
76.8297 296.465 44.4873 2175.84 126.43 65.4147 76.8297 31.0129 -544.325 -83.4574 -4979.04 -35.1684 -1.20983 -25.7938 -238.409 -4288 -7326.37 -235.406 -70.0301 ;
144.639 700.211 99.9351 5187.26 220.312 90.4006 31.0129 144.639 -937.984 -135.024 -11233 -51.2246 -7.40532 -35.168 -355.691 -6398.95 -10844.2 -56.5973 -102.176 ;
-2049.75 -25985.9 -3962.8 -165012 -3184.24 -1212.09 -544.325 -937.984 58895.3 8949.63 344005 1132.7 61.8765 -172.21 -1924.91 -34646.7 -63636.5 -1381.95 -436.769 ;
-319.364 -3962.8 -722.25 -25272.4 -466.271 -171.757 -83.4574 -135.024 8949.63 1593.75 52714.9 171.543 11.4076 -28.1736 -315.199 -5673.15 -10665.3 -293.622 -64.5912 ;
-22562.4 -237823 -36210.5 -1.56348e+006 -32951.4 -13472 -4979.04 -11233 344005 52714.9 3.61119e+006 12043.5 1142.78 -1999.88 -23750.1 -427370 -784842 -16981.9 -5313.75 ;
-111.516 -647.18 -99.1447 -4591.71 -158.348 -66.9126 -35.1684 -51.2246 1132.7 171.543 12043.5 136.679 5.30514 -25.163 -201.07 -3618.51 -6691.84 -216.49 -67.4309 ;
-9.99024 -70.1579 -12.07 -492.543 -17.7253 -4.7725 -1.20983 -7.40532 61.8765 11.4076 1142.78 5.30514 10.9285 -0.938216 -8.30871 -148.603 -43.3654 0 -3.32673 ;
-85.8838 -134.399 -21.6655 -1222.78 -127.103 -53.6026 -25.7938 -35.168 -172.21 -28.1736 -1999.88 -25.163 -0.938216 131.443 1172.54 21099.4 38620 991.746 350.282 ;
-808.703 -2063.85 -333.856 -18629.3 -1205.3 -461.776 -238.409 -355.691 -1924.91 -315.199 -23750.1 -201.07 -8.30871 1172.54 18152.1 326630 606185 12140 3014.5 ;
-14551.3 -37136.5 -6007.28 -335205 -21684.8 -8300.41 -4288 -6398.95 -34646.7 -5673.15 -427370 -3618.51 -148.603 21099.4 326630 5.87757e+006 1.09115e+007 218520 54225.9 ;
-26520 -68716.5 -11412.5 -619764 -38838.2 -10755.6 -7326.37 -10844.2 -63636.5 -10665.3 -784842 -6691.84 -43.3654 38620 606185 1.09115e+007 2.26995e+007 570581 90129.9 ;
-673.113 -1388.24 -291.945 -12868.1 -843.342 -18.7343 -235.406 -56.5973 -1381.95 -293.622 -16981.9 -216.49 0 991.746 12140 218520 570581 92263.7 1175.28 ;
-230.386 -347.268 -51.002 -3148.54 -360.37 -238.918 -70.0301 -102.176 -436.769 -64.5912 -5313.75 -67.4309 -3.32673 350.282 3014.5 54225.9 90129.9 1175.28 1366.46 ;
]
+++++++++++++
Iter 5

Size = 19
Data size = 190
[ 297.011 1296.83 201.49 9660.37 432.193 176.774 71.5522 138.388 -1879.58 -296.236 -22032.1 -115.724 -10.2166 -65.3434 -485.069 -8729.25 -16211.4 -285.66 -177.351 ;
1296.83 17785.7 2776.27 109489 1854.88 701.649 261.219 638.442 -22260 -3465.44 -208077 -603.741 -60.4432 -82.7143 -1025.78 -18460.6 -35074.9 -435.899 -214.926 ;
201.49 2776.27 528.944 17070.8 269.176 101.564 39.464 90.8283 -3465.44 -656.394 -32075.2 -93.7231 -10.6683 -13.2256 -164.642 -2963.06 -5734.3 -89.9239 -31.4917 ;
9660.37 109489 17070.8 716132 13832.5 5335.98 1930.45 4787.02 -142422 -22239.6 -1.39448e+006 -4366.55 -438.838 -754.98 -9388.67 -168963 -321041 -4176.68 -1952.3 ;
432.193 1854.88 269.176 13832.5 775.18 271.539 117.548 209.71 -2870.41 -424.197 -32163.6 -163.805 -18.2263 -96.9527 -726.299 -13069.4 -23967.6 -364.682 -277.53 ;
176.774 701.649 101.564 5335.98 271.539 380.575 60.7195 85.8426 -1093.4 -157.817 -13180.2 -68.8483 -5.17078 -41.1081 -266.448 -4790.88 -6401.25 -11.2629 -182.447 ;
71.5522 261.219 39.464 1930.45 117.548 60.7195 71.5522 29.0305 -473.381 -73.3276 -4871.1 -36.6415 -1.3557 -19.3573 -140.343 -2524.54 -4413.66 -99.5175 -53.6156 ;
138.388 638.442 90.8283 4787.02 209.71 85.8426 29.0305 138.388 -864.564 -125.17 -11048.9 -52.9529 -7.52553 -26.646 -213.477 -3841.36 -6755.42 -20.3816 -77.1387 ;
-1879.58 -22260 -3465.44 -142422 -2870.41 -1093.4 -473.381 -864.564 44560.4 6898.75 296164 1028.66 47.7649 -112.999 -996.337 -17933.8 -33764.4 -474.278 -287.547 ;
-296.236 -3465.44 -656.394 -22239.6 -424.197 -157.817 -73.3276 -125.17 6898.75 1278.77 45947.3 159.198 9.20925 -18.3963 -162.242 -2920.29 -5582.62 -98.2677 -42.6464 ;
-22032.1 -208077 -32075.2 -1.39448e+006 -32163.6 -13180.2 -4871.1 -11048.9 296164 45947.3 3.28966e+006 11519 1088.12 -1342.59 -12914.4 -232416 -438906 -6212.3 -3622.95 ;
-115.724 -603.741 -93.7231 -4366.55 -163.805 -68.8483 -36.6415 -52.9529 1028.66 159.198 11519 134.736 5.25084 -19.0119 -126.826 -2282.6 -4307.5 -99.9429 -51.8843 ;
-10.2166 -60.4432 -10.6683 -438.838 -18.2263 -5.17078 -1.3557 -7.52553 47.7649 9.20925 1088.12 5.25084 10.8252 -0.608537 -4.02263 -72.1074 -31.2444 0 -2.15667 ;
-65.3434 -82.7143 -13.2256 -754.98 -96.9527 -41.1081 -19.3573 -26.646 -112.999 -18.3963 -1342.59 -19.0119 -0.608537 100.085 709.048 12760.6 23824.2 430.028 269.94 ;
-485.069 -1025.78 -164.642 -9388.67 -726.299 -266.448 -140.343 -213.477 -996.337 -162.242 -12914.4 -126.826 -4.02263 709.048 8945.16 160983 307917 3781.9 1826.31 ;
-8729.25 -18460.6 -2963.06 -168963 -13069.4 -4790.88 -2524.54 -3841.36 -17933.8 -2920.29 -232416 -2282.6 -72.1074 12760.6 160983 2.89721e+006 5.54254e+006 68074.2 32860.2 ;
-16211.4 -35074.9 -5734.3 -321041 -23967.6 -6401.25 -4413.66 -6755.42 -33764.4 -5582.62 -438906 -4307.5 -31.2444 23824.2 307917 5.54254e+006 1.16565e+007 177749 56284 ;
-285.66 -435.899 -89.9239 -4176.68 -364.682 -11.2629 -99.5175 -20.3816 -474.278 -98.2677 -6212.3 -99.9429 0 430.028 3781.9 68074.2 177749 24330.2 559.65 ;
-177.351 -214.926 -31.4917 -1952.3 -277.53 -182.447 -53.6156 -77.1387 -287.547 -42.6464 -3622.95 -51.8843 -2.15667 269.94 1826.31 32860.2 56284 559.65 1052.96 ;
]
+++++++++++++
Iter 6

Size = 19
Data size = 190
[ 275.647 1228.77 191.084 9190.06 384.306 150.975 61.308 127.869 -1793.3 -291.197 -21744.6 -106.707 -8.92669 -58.7304 -440.68 -7929.41 -13439.3 -180.469 -162.573 ;
1228.77 15936.5 2395.52 100193 1722.16 613.083 232.835 597.487 -21696.1 -3369.76 -206153 -551.154 -46.438 -75.0212 -973.606 -17517.4 -29287.7 -243.676 -204.131 ;
191.084 2395.52 432.216 15127.5 251.429 86.6276 34.9236 85.014 -3369.76 -630.675 -31630.8 -83.1143 -7.95981 -11.8989 -153.532 -2762.24 -4681.27 -49.4989 -29.8126 ;
9190.06 100193 15127.5 670383 12784.5 4729.01 1734.95 4497.92 -137177 -21457.3 -1.39906e+006 -4064.22 -353.812 -680.824 -8818.24 -158657 -265343 -2302.45 -1845.92 ;
384.306 1722.16 251.429 12784.5 657.218 221.802 95.7582 185.39 -2560.89 -391.712 -30522.1 -145.139 -15.6893 -83.5048 -630.666 -11346.6 -18976.4 -214.601 -243.751 ;
150.975 613.083 86.6276 4729.01 221.802 321.601 47.3904 74.6263 -885.667 -127.431 -11499.3 -56.6786 -4.63063 -37.1715 -267.852 -4815.92 -6190.89 -4.06988 -164.839 ;
61.308 232.835 34.9236 1734.95 95.7582 47.3904 61.308 25.23 -414.947 -66.35 -4445.65 -32.4589 -1.23869 -15.6318 -117.179 -2107.68 -3320.36 -56.8227 -43.717 ;
127.869 597.487 85.014 4497.92 185.39 74.6263 25.23 127.869 -787.528 -116.556 -10496.6 -48.1662 -6.42541 -24.8214 -207.025 -3724.42 -5966.77 -13.4183 -72.5279 ;
-1793.3 -21696.1 -3369.76 -137177 -2560.89 -885.667 -414.947 -787.528 41689.6 6746.82 310698 901.389 31.5015 -65.0545 -654.646 -11782.4 -20314 -230.806 -156.167 ;
-291.197 -3369.76 -630.675 -21457.3 -391.712 -127.431 -66.35 -116.556 6746.82 1312.74 49614 139.363 6.81012 -11.1719 -112.147 -2018.3 -3515.54 -49.9731 -24.0102 ;
-21744.6 -206153 -31630.8 -1.39906e+006 -30522.1 -11499.3 -4445.65 -10496.6 310698 49614 3.53642e+006 10792.4 1014.45 -829.741 -9169.82 -164969 -283721 -3022.92 -2176.24 ;
-106.707 -551.154 -83.1143 -4064.22 -145.139 -56.6786 -32.4589 -48.1662 901.389 139.363 10792.4 117.19 4.20377 -10.4826 -79.5259 -1430.99 -2536.81 -47.6499 -27.5697 ;
-8.92669 -46.438 -7.95981 -353.812 -15.6893 -4.63063 -1.23869 -6.42541 31.5015 6.81012 1014.45 4.20377 9.41551 -0.488826 -4.91391 -87.8035 -18.2951 0 -1.64727 ;
-58.7304 -75.0212 -11.8989 -680.824 -83.5048 -37.1715 -15.6318 -24.8214 -65.0545 -11.1719 -829.741 -10.4826 -0.488826 78.367 584.671 10520.6 18010.8 251.915 212.121 ;
-440.68 -973.606 -153.532 -8818.24 -630.666 -267.852 -117.179 -207.025 -654.646 -112.147 -9169.82 -79.5259 -4.91391 584.671 7987.73 143714 242087 1983.61 1561.85 ;
-7929.41 -17517.4 -2762.24 -158657 -11346.6 -4815.92 -2107.68 -3724.42 -11782.4 -2018.3 -164969 -1430.99 -87.8035 10520.6 143714 2.58578e+006 4.35766e+006 35704.9 28094.7 ;
-13439.3 -29287.7 -4681.27 -265343 -18976.4 -6190.89 -3320.36 -5966.77 -20314 -3515.54 -283721 -2536.81 -18.2951 18010.8 242087 4.35766e+006 8.47061e+006 93229.5 44664.7 ;
-180.469 -243.676 -49.4989 -2302.45 -214.601 -4.06988 -56.8227 -13.4183 -230.806 -49.9731 -3022.92 -47.6499 0 251.915 1983.61 35704.9 93229.5 12802.9 322.377 ;
-162.573 -204.131 -29.8126 -1845.92 -243.751 -164.839 -43.717 -72.5279 -156.167 -24.0102 -2176.24 -27.5697 -1.64727 212.121 1561.85 28094.7 44664.7 322.377 828.789 ;
]
+++++++++++++
Iter 7

Size = 19
Data size = 190
[ 279.051 1286.15 202.105 9548.1 387.319 156.558 60.2925 131.23 -1903.46 -312.601 -22116.3 -106.819 -9.62527 -62.1051 -399.247 -7184.03 -12326.2 -127.266 -193.258 ;
1286.15 18753 2871.36 116228 1767.28 634.443 227.889 628.155 -25369.6 -3964.73 -224069 -593.028 -68.8462 -69.489 -762.959 -13728.2 -23605.9 -147.136 -217.67 ;
202.105 2871.36 524.076 17819.8 261.705 92.3472 35.2336 90.1483 -3964.73 -733.707 -35028.7 -91.7612 -11.7502 -10.6775 -116.352 -2093.57 -3638.35 -28.5858 -31.156 ;
9548.1 116228 17819.8 762505 13170.7 4863 1701.88 4701.79 -165292 -25914.6 -1.50689e+006 -4317.35 -499.73 -632.458 -7015.6 -126233 -217199 -1436.35 -1974.03 ;
387.319 1767.28 261.705 13170.7 656.928 229.228 93.2639 190.109 -2709.02 -419.702 -30575.8 -143.869 -16.4578 -89.7256 -574.911 -10343.7 -17533.6 -155.254 -291.902 ;
156.558 634.443 92.3472 4863 229.228 334.715 47.3639 77.328 -912.721 -135.414 -11435.2 -55.3896 -4.53845 -46.365 -288.784 -5192.53 -6848.13 -3.59315 -215.812 ;
60.2925 227.889 35.2336 1701.88 93.2639 47.3639 60.2925 25.2597 -412.883 -68.211 -4324.83 -31.0179 -1.19139 -16.329 -101.783 -1830.42 -2912.32 -36.1159 -52.5789 ;
131.23 628.155 90.1483 4701.79 190.109 77.328 25.2597 131.23 -840.679 -125.693 -10856.3 -48.695 -7.00149 -26.6479 -191.515 -3445.66 -5706.95 -10.5723 -86.3971 ;
-1903.46 -25369.6 -3964.73 -165292 -2709.02 -912.721 -412.883 -840.679 55169.4 8844.77 338896 982.494 81.4712 -67.2706 -596.044 -10728.2 -18853.7 -157.937 -183.087 ;
-312.601 -3964.73 -733.707 -25914.6 -419.702 -135.414 -68.211 -125.693 8844.77 1658.58 54745.5 154.059 14.4008 -11.2508 -99.2199 -1785.8 -3161.56 -33.2661 -27.4948 ;
-22116.3 -224069 -35028.7 -1.50689e+006 -30575.8 -11435.2 -4324.83 -10856.3 338896 54745.5 3.60271e+006 11070.7 1139.09 -843.355 -8253.52 -148509 -261961 -1901.7 -2517.88 ;
-106.819 -593.028 -91.7612 -4317.35 -143.869 -55.3896 -31.0179 -48.695 982.494 154.059 11070.7 118.287 4.79768 -11.4676 -80.6486 -1451.41 -2592.02 -34.3224 -34.2272 ;
-9.62527 -68.8462 -11.7502 -499.73 -16.4578 -4.53845 -1.19139 -7.00149 81.4712 14.4008 1139.09 4.79768 10.1033 -0.477989 -3.74609 -67.0489 -15.4866 0 -1.63614 ;
-62.1051 -69.489 -10.6775 -632.458 -89.7256 -46.365 -16.329 -26.6479 -67.2706 -11.2508 -843.355 -11.4676 -0.477989 83.3906 540.153 9719.96 16870.6 178.889 253.639 ;
-399.247 -762.959 -116.352 -7015.6 -574.911 -288.784 -101.783 -191.515 -596.044 -99.2199 -8253.52 -80.6486 -3.74609 540.153 6305.21 113451 197220 1186.35 1658.93 ;
-7184.03 -13728.2 -2093.57 -126233 -10343.7 -5192.53 -1830.42 -3445.66 -10728.2 -1785.8 -148509 -1451.41 -67.0489 9719.96 113451 2.04141e+006 3.55002e+006 21354.3 29844.6 ;
-12326.2 -23605.9 -3638.35 -217199 -17533.6 -6848.13 -2912.32 -5706.95 -18853.7 -3161.56 -261961 -2592.02 -15.4866 16870.6 197220 3.55002e+006 6.94453e+006 55758.6 48478.4 ;
-127.266 -147.136 -28.5858 -1436.35 -155.254 -3.59315 -36.1159 -10.5723 -157.937 -33.2661 -1901.7 -34.3224 0 178.889 1186.35 21354.3 55758.6 6958.61 281.118 ;
-193.258 -217.67 -31.156 -1974.03 -291.902 -215.812 -52.5789 -86.3971 -183.087 -27.4948 -2517.88 -34.2272 -1.63614 253.639 1658.93 29844.6 48478.4 281.118 1060.01 ;
]
+++++++++++++
Iter 8

Size = 19
Data size = 190
[ 264.257 1217.2 190.222 9045.41 358.796 142.871 54.0744 125.901 -1788.96 -295.256 -21195.2 -101.424 -8.948 -58.1518 -380.664 -6850.2 -11973.2 -142.126 -178.162 ;
1217.2 16763.2 2502.26 104181 1664.79 585.126 215.624 605.27 -22834.2 -3549.09 -210198 -550.351 -50.7946 -66.1095 -747.903 -13458.4 -23616.7 -175.699 -202.854 ;
190.222 2502.26 446.131 15649.5 245.647 83.3926 32.8417 86.3897 -3549.09 -661.254 -32374 -83.0445 -8.75179 -10.2594 -115.273 -2074.31 -3681.04 -34.533 -29.1865 ;
9045.41 104181 15649.5 687524 12321.5 4516.02 1596.26 4525.13 -144642 -22666.1 -1.41466e+006 -4024.79 -382.491 -601.196 -6844.58 -123166 -216179 -1678.11 -1839.38 ;
358.796 1664.79 245.647 12321.5 594.692 203.693 81.2711 178.626 -2473.34 -386.134 -28884.1 -134.087 -15.1611 -81.5436 -531.67 -9566.63 -16544.2 -167.251 -261.847 ;
142.871 585.126 83.3926 4516.02 203.693 304.119 40.573 72.815 -831.028 -121.53 -10625.8 -51.2128 -4.38648 -40.9314 -255.776 -4600.04 -6129.22 -2.64489 -191.238 ;
54.0744 215.624 32.8417 1596.26 81.2711 40.573 54.0744 23.4181 -379.293 -62.4153 -4010.25 -28.4832 -1.15815 -14.0141 -88.4676 -1591.24 -2594.31 -39.5523 -44.2175 ;
125.901 605.27 86.3897 4525.13 178.626 72.815 23.4181 125.901 -806.746 -120.859 -10500.1 -47.266 -6.58773 -25.2453 -184.798 -3325.15 -5583.61 -12.2624 -81.1225 ;
-1788.96 -22834.2 -3549.09 -144642 -2473.34 -831.028 -379.293 -806.746 45789.6 7493.59 318312 891.017 43.3795 -57.094 -518.284 -9328.64 -16659.8 -167.454 -150.158 ;
-295.256 -3549.09 -661.254 -22666.1 -386.134 -121.53 -62.4153 -120.859 7493.59 1463.01 51475.4 138.477 8.88213 -9.76527 -88.3424 -1590.04 -2860.58 -36.1359 -22.8674 ;
-21195.2 -210198 -32374 -1.41466e+006 -28884.1 -10625.8 -4010.25 -10500.1 318312 51475.4 3.49698e+006 10451.8 1018.34 -732.45 -7387.12 -132928 -239408 -2053.23 -2128.86 ;
-101.424 -550.351 -83.0445 -4024.79 -134.087 -51.2128 -28.4832 -47.266 891.017 138.477 10451.8 111.224 4.27439 -9.79937 -70.6306 -1271.15 -2310.5 -35.3865 -28.6276 ;
-8.948 -50.7946 -8.75179 -382.491 -15.1611 -4.38648 -1.15815 -6.58773 43.3795 8.88213 1018.34 4.27439 9.34526 -0.397254 -3.08718 -55.2793 -11.167 0 -1.32579 ;
-58.1518 -66.1095 -10.2594 -601.196 -81.5436 -40.9314 -14.0141 -25.2453 -57.094 -9.76527 -732.45 -9.79937 -0.397254 76.3325 504.499 9078.94 16038.6 195.193 228.226 ;
-380.664 -747.903 -115.273 -6844.58 -531.67 -255.776 -88.4676 -184.798 -518.284 -88.3424 -7387.12 -70.6306 -3.08718 504.499 6086.34 109522 194279 1391.82 1514.08 ;
-6850.2 -13458.4 -2074.31 -123166 -9566.63 -4600.04 -1591.24 -3325.15 -9328.64 -1590.04 -132928 -1271.15 -55.2793 9078.94 109522 1.97086e+006 3.49707e+006 25052.8 27241.7 ;
-11973.2 -23616.7 -3681.04 -216179 -16544.2 -6129.22 -2594.31 -5583.61 -16659.8 -2860.58 -239408 -2310.5 -11.167 16038.6 194279 3.49707e+006 6.94017e+006 65415.7 45010.2 ;
-142.126 -175.699 -34.533 -1678.11 -167.251 -2.64489 -39.5523 -12.2624 -167.454 -36.1359 -2053.23 -35.3865 0 195.193 1391.82 25052.8 65415.7 8506.14 295.77 ;
-178.162 -202.854 -29.1865 -1839.38 -261.847 -191.238 -44.2175 -81.1225 -150.158 -22.8674 -2128.86 -28.6276 -1.32579 228.226 1514.08 27241.7 45010.2 295.77 948.559 ;
]
+++++++++++++
Iter 9

Size = 19
Data size = 190
[ 245.218 1173.28 183.483 8689.31 327.023 131.962 36.0321 118.967 -1743.41 -286.964 -19944.3 -97.8534 -8.28676 -50.1487 -337.186 -6068.64 -10633.5 -96.6013 -163.206 ;
1173.28 17996.7 2734.85 112055 1578.81 572.057 168.835 582.425 -25701.6 -4016.24 -212776 -553.999 -51.2045 -58.453 -675.624 -12159.9 -21378.1 -117.164 -194.739 ;
183.483 2734.85 489.639 17085.5 234.47 81.9406 26.0437 82.2482 -4016.24 -734.802 -33196 -83.7409 -8.04923 -8.94332 -102.424 -1843.46 -3264.95 -22.4586 -27.8865 ;
8689.31 112055 17085.5 737711 11678.7 4391.28 1226.84 4349.1 -165181 -25914.3 -1.42518e+006 -4026.79 -394.725 -531.66 -6182.86 -111279 -195860 -1128.66 -1768.61 ;
327.023 1578.81 234.47 11678.7 527.744 179.628 49.8061 166.931 -2360.42 -368.903 -26513.2 -127.205 -16.3485 -68.9998 -459.376 -8267.37 -14474.6 -114.674 -233.957 ;
131.962 572.057 81.9406 4391.28 179.628 281.822 26.6213 69.3815 -780.117 -115.14 -9863.8 -49.6059 -5.11124 -37.7698 -249.418 -4487.81 -6098.46 -0.883702 -181.624 ;
36.0321 168.835 26.0437 1226.84 49.8061 26.6213 36.0321 17.375 -250.264 -41.6663 -2763.97 -20.8087 -1.43421 -8.45727 -50.4839 -908.191 -1468.66 -18.7315 -29.4148 ;
118.967 582.425 82.2482 4349.1 166.931 69.3815 17.375 118.967 -789.172 -116.586 -10016.9 -46.3953 -5.54003 -22.2681 -169.735 -3054.75 -5251.46 -9.65133 -74.6896 ;
-1743.41 -25701.6 -4016.24 -165181 -2360.42 -780.117 -250.264 -789.172 55911.7 8981.25 326961 930.585 86.0229 -73.0373 -670.566 -12069.6 -21186.6 -158.96 -203.066 ;
-286.964 -4016.24 -734.802 -25914.3 -368.903 -115.14 -41.6663 -116.586 8981.25 1671.71 53074 144.385 14.3343 -12.3765 -111.81 -2012.44 -3531.22 -32.863 -30.6905 ;
-19944.3 -212776 -33196 -1.42518e+006 -26513.2 -9863.8 -2763.97 -10016.9 326961 53074 3.36816e+006 10208.2 1017.06 -934.055 -9598.8 -172715 -307739 -1792.74 -2891.47 ;
-97.8534 -553.999 -83.7409 -4026.79 -127.205 -49.6059 -20.8087 -46.3953 930.585 144.385 10208.2 110.458 4.26218 -12.6042 -94.03 -1692.31 -3051.24 -35.2 -39.7476 ;
-8.28676 -51.2045 -8.04923 -394.725 -16.3485 -5.11124 -1.43421 -5.54003 86.0229 14.3343 1017.06 4.26218 8.80148 -0.514729 -3.37015 -60.2279 -9.80062 0 -1.91603 ;
-50.1487 -58.453 -8.94332 -531.66 -68.9998 -37.7698 -8.45727 -22.2681 -73.0373 -12.3765 -934.055 -12.6042 -0.514729 73.2939 499.258 8985.5 15914 148.423 230.302 ;
-337.186 -675.624 -102.424 -6182.86 -459.376 -249.418 -50.4839 -169.735 -670.566 -111.81 -9598.8 -94.03 -3.37015 499.258 6142.54 110548 196340 1008.95 1619.2 ;
-6068.64 -12159.9 -1843.46 -111279 -8267.37 -4487.81 -908.191 -3054.75 -12069.6 -2012.44 -172715 -1692.31 -60.2279 8985.5 110548 1.98956e+006 3.53414e+006 18161.2 29138.9 ;
-10633.5 -21378.1 -3264.95 -195860 -14474.6 -6098.46 -1468.66 -5251.46 -21186.6 -3531.22 -307739 -3051.24 -9.80062 15914 196340 3.53414e+006 6.91309e+006 47420.8 48709.8 ;
-96.6013 -117.164 -22.4586 -1128.66 -114.674 -0.883702 -18.7315 -9.65133 -158.96 -32.863 -1792.74 -35.2 0 148.423 1008.95 18161.2 47420.8 5782.78 254.142 ;
-163.206 -194.739 -27.8865 -1768.61 -233.957 -181.624 -29.4148 -74.6896 -203.066 -30.6905 -2891.47 -39.7476 -1.91603 230.302 1619.2 29138.9 48709.8 254.142 983.375 ;
]
+++++++++++++
Iter 10

Size = 19
Data size = 190
[ 240.687 1131.84 177.168 8407.58 320.299 129.311 34.8536 116.991 -1663.03 -273.85 -19271.5 -96.0189 -8.27412 -49.6205 -327.753 -5898.88 -10336 -91.9526 -161.411 ;
1131.84 17171.2 2612.78 107056 1521.64 549.318 160.754 563.959 -24495.9 -3830.47 -203558 -536.155 -49.9118 -56.998 -647.662 -11656.7 -20500.7 -109.149 -189.872 ;
177.168 2612.78 468.943 16350.4 225.948 79.0135 24.793 79.6881 -3830.47 -702.785 -31794.5 -81.2521 -7.89308 -8.73199 -98.3574 -1770.26 -3134.9 -20.885 -27.2151 ;
8407.58 107056 16350.4 705874 11288.4 4231.86 1168.75 4220.97 -157421 -24718.5 -1.36538e+006 -3904.14 -386.341 -518.448 -5935.97 -106836 -188118 -1052.36 -1724.76 ;
320.299 1521.64 225.948 11288.4 516.106 175.654 48.086 163.784 -2242.58 -350.504 -25580.5 -124.555 -16.3081 -68.0988 -445.171 -8011.73 -14030.5 -108.633 -230.913 ;
129.311 549.318 79.0135 4231.86 175.654 276.226 25.7011 68.0348 -742.844 -110.063 -9503.75 -48.3879 -5.05166 -37.3301 -242.024 -4354.78 -5926.95 -0.784131 -179.502 ;
34.8536 160.754 24.793 1168.75 48.086 25.7011 34.8536 16.8363 -234.539 -38.9119 -2623.33 -20.0513 -1.41842 -8.30566 -48.6712 -875.578 -1417.22 -17.6311 -28.926 ;
116.991 563.959 79.6881 4220.97 163.784 68.0348 16.8363 116.991 -756.941 -111.935 -9729.85 -45.6671 -5.55584 -22.0516 -165.173 -2972.64 -5114.76 -9.1277 -73.8939 ;
-1663.03 -24495.9 -3830.47 -157421 -2242.58 -742.844 -234.539 -756.941 52302.6 8398.84 309176 895.795 84.1351 -69.0427 -620.182 -11162.7 -19624.1 -145.206 -192.297 ;
-273.85 -3830.47 -702.785 -24718.5 -350.504 -110.063 -38.9119 -111.935 8398.84 1565.89 50179.3 139.452 14.1493 -11.6921 -103.281 -1858.91 -3264.89 -29.7657 -29.0258 ;
-19271.5 -203558 -31794.5 -1.36538e+006 -25580.5 -9503.75 -2623.33 -9729.85 309176 50179.3 3.21642e+006 9896.53 1000.23 -889.456 -8983.37 -161643 -288313 -1635.48 -2754.23 ;
-96.0189 -536.155 -81.2521 -3904.14 -124.555 -48.3879 -20.0513 -45.6671 895.795 139.452 9896.53 108.218 4.25434 -12.199 -89.7752 -1615.75 -2916.72 -33.051 -38.5021 ;
-8.27412 -49.9118 -7.89308 -386.341 -16.3081 -5.05166 -1.41842 -5.55584 84.1351 14.1493 1000.23 4.25434 8.77571 -0.501594 -3.21035 -57.3929 -9.47034 0 -1.8619 ;
-49.6205 -56.998 -8.73199 -518.448 -68.0988 -37.3301 -8.30566 -22.0516 -69.0427 -11.6921 -889.456 -12.199 -0.501594 72.0136 481.645 8668.54 15355.4 140.59 226.291 ;
-327.753 -647.662 -98.3574 -5935.97 -445.171 -242.024 -48.6712 -165.173 -620.182 -103.281 -8983.37 -89.7752 -3.21035 481.645 5825.64 104845 186343 931.2 1562.58 ;
-5898.88 -11656.7 -1770.26 -106836 -8011.73 -4354.78 -875.578 -2972.64 -11162.7 -1858.91 -161643 -1615.75 -57.3929 8668.54 104845 1.88693e+006 3.3542e+006 16761.6 28120.1 ;
-10336 -20500.7 -3134.9 -188118 -14030.5 -5926.95 -1417.22 -5114.76 -19624.1 -3264.89 -288313 -2916.72 -9.47034 15355.4 186343 3.3542e+006 6.56233e+006 43766.4 47039.3 ;
-91.9526 -109.149 -20.885 -1052.36 -108.633 -0.784131 -17.6311 -9.1277 -145.206 -29.7657 -1635.48 -33.051 0 140.59 931.2 16761.6 43766.4 5301.91 240.836 ;
-161.411 -189.872 -27.2151 -1724.76 -230.913 -179.502 -28.926 -73.8939 -192.297 -29.0258 -2754.23 -38.5021 -1.8619 226.291 1562.58 28120.1 47039.3 240.836 966.25 ;
]
+++++++++++++
Iter 11

Size = 19
Data size = 190
[ 236.423 1117.62 175.327 8286.43 310.978 129.312 37.1734 117.336 -1644.6 -271.122 -18995.2 -94.9552 -7.81269 -48.7246 -326.458 -5875.62 -10289.8 -90.0929 -158.387 ;
1117.62 17073.2 2607.34 106303 1489.69 546.628 167.436 563.273 -24437.8 -3826.74 -201965 -530.675 -47.6597 -56.767 -654.833 -11785.9 -20719.1 -107.54 -189.092 ;
175.327 2607.34 469.568 16293 221.886 78.7061 25.8305 79.6361 -3826.74 -702.285 -31612.6 -80.7137 -7.45735 -8.71302 -99.684 -1794.17 -3177.5 -20.6366 -27.0968 ;
8286.43 106303 16293 699890 11027.6 4199.57 1219.42 4211.79 -156827 -24659.8 -1.35218e+006 -3858.79 -368.709 -516.456 -5993.53 -107873 -189796 -1023.5 -1718.49 ;
310.978 1489.69 221.886 11027.6 493.735 174.786 50.9953 163.723 -2189.98 -343.151 -24950.5 -121.995 -15.6515 -65.981 -436.929 -7863.48 -13751.8 -103.091 -223.842 ;
129.312 546.628 78.7061 4199.57 174.786 277.851 27.885 69.6605 -747.276 -110.756 -9537.37 -48.8564 -5.03946 -37.1583 -245.626 -4419.65 -6017.37 -0.791568 -179.094 ;
37.1734 167.436 25.8305 1219.42 50.9953 27.885 37.1734 18.7161 -254.269 -42.167 -2813.55 -21.1706 -1.35187 -8.80074 -53.9325 -970.288 -1569.15 -18.8031 -30.581 ;
117.336 563.273 79.6361 4211.79 163.723 69.6605 18.7161 117.336 -771.082 -114.074 -9784.61 -46.0096 -5.05013 -22.2256 -170.229 -3063.69 -5267.03 -9.28082 -74.4917 ;
-1644.6 -24437.8 -3826.74 -156827 -2189.98 -747.276 -254.269 -771.082 52274.4 8391.16 307680 889.461 81.57 -69.0345 -636.341 -11453.6 -20020 -135.008 -192.887 ;
-271.122 -3826.74 -702.285 -24659.8 -343.151 -110.756 -42.167 -114.074 8391.16 1561.5 49946.8 138.651 13.5862 -11.6897 -105.97 -1907.33 -3323.94 -27.7952 -29.1127 ;
-18995.2 -201965 -31612.6 -1.35218e+006 -24950.5 -9537.37 -2813.55 -9784.61 307680 49946.8 3.19198e+006 9827.6 963.065 -900.035 -9289.28 -167148 -297180 -1519.72 -2799.17 ;
-94.9552 -530.675 -80.7137 -3858.79 -121.995 -48.8564 -21.1706 -46.0096 889.461 138.651 9827.6 107.062 4.00094 -12.1066 -91.5268 -1647.25 -2957.17 -30.6718 -38.4329 ;
-7.81269 -47.6597 -7.45735 -368.709 -15.6515 -5.03946 -1.35187 -5.05013 81.57 13.5862 963.065 4.00094 8.24364 -0.430953 -2.76973 -49.451 -8.0006 0 -1.60363 ;
-48.7246 -56.767 -8.71302 -516.456 -65.981 -37.1583 -8.80074 -22.2256 -69.0345 -11.6897 -900.035 -12.1066 -0.430953 70.8314 482.661 8686.86 15364.8 135.661 222.628 ;
-326.458 -654.833 -99.684 -5993.53 -436.929 -245.626 -53.9325 -170.229 -636.341 -105.97 -9289.28 -91.5268 -2.76973 482.661 5940.51 106914 189755 900.522 1566.31 ;
-5875.62 -11785.9 -1794.17 -107873 -7863.48 -4419.65 -970.288 -3063.69 -11453.6 -1907.33 -167148 -1647.25 -49.451 8686.86 106914 1.9242e+006 3.41561e+006 16209.4 28187.5 ;
-10289.8 -20719.1 -3177.5 -189796 -13751.8 -6017.37 -1569.15 -5267.03 -20020 -3323.94 -297180 -2957.17 -8.0006 15364.8 189755 3.41561e+006 6.66673e+006 42324.6 47094.9 ;
-90.0929 -107.54 -20.6366 -1023.5 -103.091 -0.791568 -18.8031 -9.28082 -135.008 -27.7952 -1519.72 -30.6718 0 135.661 900.522 16209.4 42324.6 5153.69 228.048 ;
-158.387 -189.092 -27.0968 -1718.49 -223.842 -179.094 -30.581 -74.4917 -192.887 -29.1127 -2799.17 -38.4329 -1.60363 222.628 1566.31 28187.5 47094.9 228.048 953.689 ;
]
+++++++++++++
Iter 12

Size = 19
Data size = 190
[ 237.995 1123.77 176.128 8329.08 313.453 129.183 37.8214 116.302 -1649.43 -271.332 -19063.7 -94.8649 -7.37599 -49.7425 -330.183 -5942.73 -10399.8 -89.331 -162.46 ;
1123.77 17227.2 2630.92 107302 1498.8 545.565 169.716 559.183 -24683.3 -3856.3 -203605 -534.13 -46.3249 -57.4819 -656.287 -11812.2 -20739.3 -105.225 -192.51 ;
176.128 2630.92 474.077 16443.1 222.801 78.8471 26.0858 78.9696 -3856.3 -705.443 -31826.1 -81.4163 -7.18178 -8.81053 -99.8012 -1796.3 -3177.14 -20.1709 -27.554 ;
8329.08 107302 16443.1 706493 11086.1 4188.95 1235.24 4178.98 -158497 -24869.5 -1.36261e+006 -3879.55 -356.18 -522.692 -6007.68 -108129 -190031 -1003.24 -1748.62 ;
313.453 1498.8 222.801 11086.1 498.99 174.619 52.2092 161.536 -2201.84 -343.86 -25060.5 -121.917 -15.0219 -67.5674 -442.604 -7965.73 -13929.9 -103.027 -230.182 ;
129.183 545.565 78.8471 4188.95 174.619 277.361 28.3126 68.2572 -739.341 -110.027 -9464.38 -48.2062 -4.96777 -38.0524 -249.316 -4486.19 -6109.75 -0.770922 -183.442 ;
37.8214 169.716 26.0858 1235.24 52.2092 28.3126 37.8214 18.3019 -257.165 -42.4378 -2846.95 -21.3102 -1.36199 -9.13793 -55.1174 -991.639 -1604.04 -18.8904 -31.8399 ;
116.302 559.183 78.9696 4178.98 161.536 68.2572 18.3019 116.302 -755.715 -111.576 -9648.66 -45.2836 -4.67808 -22.3721 -169.267 -3046.43 -5240.53 -9.01565 -75.3455 ;
-1649.43 -24683.3 -3856.3 -158497 -2201.84 -739.341 -257.165 -755.715 52757.6 8426.63 309417 891.685 81.6248 -66.8439 -605.844 -10904.8 -19131.8 -133.626 -186.386 ;
