============== BHHH ===============

Size = 19
Data size = 190
[ 221.293 1352.46 206.719 9329.65 305.106 118.487 33.9152 104.901 -1754.9 -276.219 -17658.2 -84.0348 -5.51298 -49.0198 -270.493 -4868.88 -8468.37 -73.4717 -160.546 ;
1352.46 28903.8 4466.1 174810 1994.57 642.756 176.081 622.93 -31932.7 -4819.89 -230301 -594.776 -34.971 -48.9061 -997.899 -17962.2 -29537.7 -62.5292 -194.186 ;
206.719 4466.1 781.365 27378.9 287.666 94.9124 23.6823 82.8054 -4819.89 -854.126 -35156.5 -88.982 -5.81203 -6.82693 -133.515 -2403.28 -3855.93 -8.86474 -26.2255 ;
9329.65 174810 27378.9 1.12765e+006 13494.4 4493.42 1181.07 4317.58 -196893 -30237.5 -1.48734e+006 -4224.21 -251.624 -414.818 -8304.08 -149473 -247065 -534.007 -1642.57 ;
305.106 1994.57 287.666 13494.4 521.587 157.383 49.345 147.484 -2365.33 -351.869 -24502.2 -112.523 -11.8726 -70.4092 -388.557 -6994.03 -11959.3 -86.7764 -247.225 ;
118.487 642.756 94.9124 4493.42 157.383 255.289 27.4542 63.0361 -856.465 -121.029 -8579.24 -42.2992 -1.77482 -35.773 -238.852 -4299.33 -6409.3 -6.37988 -174.346 ;
33.9152 176.081 23.6823 1181.07 49.345 27.4542 33.9152 15.0092 -271.407 -37.311 -2361.68 -14.2113 -0.801702 -11.7442 -42.8535 -771.361 -1408.21 -6.87152 -40.6694 ;
104.901 622.93 82.8054 4317.58 147.484 63.0361 15.0092 104.901 -809.208 -111.681 -8868.12 -39.1952 -3.32308 -22.0386 -186.751 -3361.52 -6046.48 1.91987 -80.5066 ;
-1754.9 -31932.7 -4819.89 -196893 -2365.33 -856.465 -271.407 -809.208 65811.2 10272.8 331834 893.363 83.0927 -51.1497 -1177.21 -21189.7 -31747.2 -85.243 -195.698 ;
-276.219 -4819.89 -854.126 -30237.5 -351.869 -121.029 -37.311 -111.681 10272.8 1868.77 52355.4 131.226 15.2281 -6.58596 -136.043 -2448.78 -3655.5 -12.6766 -23.9889 ;
-17658.2 -230301 -35156.5 -1.48734e+006 -24502.2 -8579.24 -2361.68 -8868.12 331834 52355.4 2.9366e+006 8528.57 826.854 -837.298 -19029.3 -342529 -505529 -1613.45 -3160.49 ;
-84.0348 -594.776 -88.982 -4224.21 -112.523 -42.2992 -14.2113 -39.1952 893.363 131.226 8528.57 95.2209 1.69895 -11.1861 -198.272 -3568.89 -6954.22 -42.2007 -37.6142 ;
-5.51298 -34.971 -5.81203 -251.624 -11.8726 -1.77482 -0.801702 -3.32308 83.0927 15.2281 826.854 1.69895 6.34599 -0.833013 -30.2408 -544.337 -210.207 0 -3.32786 ;
-49.0198 -48.9061 -6.82693 -414.818 -70.4092 -35.773 -11.7442 -22.0386 -51.1497 -6.58596 -837.298 -11.1861 -0.833013 65.5964 533.054 9594.98 16866.7 122.197 213.456 ;
-270.493 -997.899 -133.515 -8304.08 -388.557 -238.852 -42.8535 -186.751 -1177.21 -136.043 -19029.3 -198.272 -30.2408 533.054 20104.7 361885 653211 599.831 2067.43 ;
-4868.88 -17962.2 -2403.28 -149473 -6994.03 -4299.33 -771.361 -3361.52 -21189.7 -2448.78 -342529 -3568.89 -544.337 9594.98 361885 6.51393e+006 1.17578e+007 10797 37213.7 ;
-8468.37 -29537.7 -3855.93 -247065 -11959.3 -6409.3 -1408.21 -6046.48 -31747.2 -3655.5 -505529 -6954.22 -210.207 16866.7 653211 1.17578e+007 2.25982e+007 28192 62367.8 ;
-73.4717 -62.5292 -8.86474 -534.007 -86.7764 -6.37988 -6.87152 1.91987 -85.243 -12.6766 -1613.45 -42.2007 0 122.197 599.831 10797 28192 2964.56 223.96 ;
-160.546 -194.186 -26.2255 -1642.57 -247.225 -174.346 -40.6694 -80.5066 -195.698 -23.9889 -3160.49 -37.6142 -3.32786 213.456 2067.43 37213.7 62367.8 223.96 942.076 ;
]

============== Hessian ===============

Size = 19
Data size = 190
[ 232.842 1101.3 172.65 8156.64 304.34 126.556 36.7429 114.163 -1613.04 -265.671 -18624 -92.7739 -6.37416 -48.9814 -326.936 -5884.85 -10296.1 -89.0916 -160.528 ;
1101.3 16995.5 2596.24 105765 1460.4 533.149 166.003 549.052 -24351 -3808.86 -200156 -523.845 -41.7294 -56.942 -653.475 -11762.5 -20617.1 -105.508 -191.823 ;
172.65 2596.24 467.572 16212.9 217.28 77.0197 25.5388 77.4095 -3808.86 -697.032 -31312.1 -79.8389 -6.33255 -8.72626 -99.3292 -1787.93 -3156.27 -20.2672 -27.455 ;
8156.64 105765 16212.9 695707 10789.9 4093.83 1207.12 4099.47 -156190 -24533.1 -1.33782e+006 -3801.93 -318.406 -517.899 -5980.9 -107656 -188879 -1004.29 -1743 ;
304.34 1460.4 217.28 10789.9 480.207 169.643 50.2057 157.623 -2135.45 -334.164 -24298 -118.374 -13.3664 -66.0215 -434.334 -7818 -13688.5 -101.99 -225.639 ;
126.556 533.149 77.0197 4093.83 169.643 272.579 27.5941 67.0671 -718.795 -107.111 -9243.3 -47.3403 -4.68747 -37.6514 -249.387 -4488.95 -6150.45 -0.720678 -181.819 ;
36.7429 166.003 25.5388 1207.12 50.2057 27.5941 36.7429 18.02 -250.103 -41.3883 -2778.41 -20.7117 -1.31675 -8.84489 -53.6743 -966.132 -1573.09 -18.8164 -30.888 ;
114.163 549.052 77.4095 4099.47 157.623 67.0671 18.02 114.163 -742.862 -109.49 -9452.53 -44.3937 -3.81604 -22.1816 -169.144 -3044.59 -5240.59 -9.21122 -74.9075 ;
-1613.04 -24351 -3808.86 -156190 -2135.45 -718.795 -250.103 -742.862 51997.5 8318.25 303854 873.024 76.0302 -66.9092 -611.358 -11004.4 -19273.7 -134.09 -186.76 ;
-265.671 -3808.86 -697.032 -24533.1 -334.164 -107.111 -41.3883 -109.49 8318.25 1538.6 49247.9 136.327 12.3441 -11.3822 -101.975 -1835.54 -3203.21 -27.5119 -28.2586 ;
-18624 -200156 -31312.1 -1.33782e+006 -24298 -9243.3 -2778.41 -9452.53 303854 49247.9 3.15041e+006 9628.34 840.62 -869.502 -8912.14 -160418 -287225 -1502.71 -2701.38 ;
-92.7739 -523.845 -79.8389 -3801.93 -118.374 -47.3403 -20.7117 -44.3937 873.024 136.327 9628.34 104.513 3.29319 -11.7392 -88.6329 -1595.39 -2881.86 -30.5774 -37.1215 ;
-6.37416 -41.7294 -6.33255 -318.406 -13.3664 -4.68747 -1.31675 -3.81604 76.0302 12.3441 840.62 3.29319 6.66788 -0.293719 -1.70929 -30.7647 -6.81197 0 -1.08425 ;
-48.9814 -56.942 -8.72626 -517.899 -66.0215 -37.6514 -8.84489 -22.1816 -66.9092 -11.3822 -869.502 -11.7392 -0.293719 70.5143 478.163 8606.92 15238.2 134.597 222.93 ;
-326.936 -653.475 -99.3292 -5980.9 -434.334 -249.387 -53.6743 -169.144 -611.358 -101.975 -8912.14 -88.6329 -1.70929 478.163 5853.86 105369 186886 882.532 1566.9 ;
-5884.85 -11762.5 -1787.93 -107656 -7818 -4488.95 -966.132 -3044.59 -11004.4 -1835.54 -160418 -1595.39 -30.7647 8606.92 105369 1.89665e+006 3.36396e+006 15885.6 28204.2 ;
-10296.1 -20617.1 -3156.27 -188879 -13688.5 -6150.45 -1573.09 -5240.59 -19273.7 -3203.21 -287225 -2881.86 -6.81197 15238.2 186886 3.36396e+006 6.53908e+006 41479 47294.6 ;
-89.0916 -105.508 -20.2672 -1004.29 -101.99 -0.720678 -18.8164 -9.21122 -134.09 -27.5119 -1502.71 -30.5774 0 134.597 882.532 15885.6 41479 5057.86 228.992 ;
-160.528 -191.823 -27.455 -1743 -225.639 -181.819 -30.888 -74.9075 -186.76 -28.2586 -2701.38 -37.1215 -1.08425 222.93 1566.9 28204.2 47294.6 228.992 958.095 ;
]

