# This file has automatically been generated
# biogeme 2.6a [Wed, Apr 19, 2017 7:57:38 AM]
# <a href='http://people.epfl.ch/michel.bierlaire'>Michel Bierlaire</a>, <a href='http://transp-or.epfl.ch'>Transport and Mobility Laboratory</a>, <a href='http://www.epfl.ch'>Ecole Polytechnique F&eacute;d&eacute;rale de Lausanne (EPFL)</a>
# 12/14/18 14:58:29</p>
#
ASC_CAR = Beta('ASC_CAR',-0.353676,-10000,10000,0,'ASC_CAR' )

BETA_COST_CAR = Beta('BETA_COST_CAR',-0.0280846,-10000,10000,0,'BETA_COST_CAR' )

BETA_COST_SHARE_CAR = Beta('BETA_COST_SHARE_CAR',-0.0863744,-10000,10000,0,'BETA_COST_SHARE_CAR' )

BETA_TIME_CAR = Beta('BETA_TIME_CAR',-0.0319819,-10000,10000,0,'BETA_TIME_CAR' )

BETA_NbCar = Beta('BETA_NbCar',1.00989,-10000,10000,0,'BETA_NbCar' )

BETA_NbChild = Beta('BETA_NbChild',0.132138,-10000,10000,0,'BETA_NbChild' )

BETA_LANGUAGE = Beta('BETA_LANGUAGE',1.10934,-10000,10000,0,'BETA_LANGUAGE' )

BETA_WorkTrip = Beta('BETA_WorkTrip',-0.584234,-10000,10000,0,'BETA_WorkTrip' )

BETA_COST_PT = Beta('BETA_COST_PT',-0.076172,-10000,10000,0,'BETA_COST_PT' )

BETA_COST_SHARE_PT = Beta('BETA_COST_SHARE_PT',0.116029,-10000,10000,0,'BETA_COST_SHARE_PT' )

BETA_TIME_PT = Beta('BETA_TIME_PT',-0.0114321,-10000,10000,0,'BETA_TIME_PT' )

BETA_Urban = Beta('BETA_Urban',0.308711,-10000,10000,0,'BETA_Urban' )

BETA_Student = Beta('BETA_Student',3.082,-10000,10000,0,'BETA_Student' )

ASC_SM = Beta('ASC_SM',-0.409031,-10000,10000,0,'ASC_SM' )

ASC_DIST = Beta('ASC_DIST',-10.4771,-10000,10000,0,'ASC_DIST' )

BETA_DIST_YOUNG = Beta('BETA_DIST_YOUNG',0.569526,-10000,10000,0,'BETA_DIST_YOUNG' )

BETA_DIST_ADULT = Beta('BETA_DIST_ADULT',0.000468848,-10000,10000,0,'BETA_DIST_ADULT' )

BETA_DIST_OLD = Beta('BETA_DIST_OLD',-1.27534e-005,-10000,10000,0,'BETA_DIST_OLD' )

BETA_Nbikes = Beta('BETA_Nbikes',0.315658,-10000,10000,0,'BETA_Nbikes' )


## Code for the sensitivity analysis
names = ['ASC_CAR','ASC_DIST','ASC_SM','BETA_COST_CAR','BETA_COST_PT','BETA_COST_SHARE_CAR','BETA_COST_SHARE_PT','BETA_DIST_ADULT','BETA_DIST_OLD','BETA_DIST_YOUNG','BETA_LANGUAGE','BETA_NbCar','BETA_NbChild','BETA_Nbikes','BETA_Student','BETA_TIME_CAR','BETA_TIME_PT','BETA_Urban','BETA_WorkTrip']
values = [[0.0357764,0.0116452,0.0119226,0.00249142,-0.00046878,0.00544736,0.00452921,1.97633e-005,-1.15597e-007,-0.000634824,-0.00143387,-0.0104698,-0.000636072,-2.26489e-005,-0.0096618,-0.000292565,0.00014642,0.00981041,-0.00575873],[0.0116452,6.87853,-0.0298438,-0.00554484,0.000379887,0.0245962,0.0063198,0.00188043,-1.6548e-005,-0.384894,0.0245258,0.0189452,-0.0125777,-0.0048503,0.223394,0.00283966,0.0011228,0.00992754,-0.00336785],[0.0119226,-0.0298438,0.152041,0.00274664,-0.000638136,0.00662784,0.00467408,-0.000218018,2.12178e-006,0.00118428,0.00200161,0.000850811,-0.000463013,-0.0116938,0.00287478,-0.000653579,-1.84798e-005,0.00863951,-0.00294764],[0.00249142,-0.00554486,0.00274664,0.00443372,0.000611865,-0.0110568,-0.00454339,-3.944e-006,1.33522e-007,0.000277845,-0.000368163,0.000221142,0.00014819,0.000290608,-0.000271976,-0.000549426,-3.77171e-005,0.000690238,-1.25316e-005],[-0.00046878,0.000379884,-0.000638136,0.000611865,0.000567185,-0.00449605,-0.00316174,1.68723e-006,-1.27983e-008,-2.19526e-005,-0.000225738,9.66148e-005,-8.67743e-005,7.95835e-005,-0.000154592,3.85219e-005,2.84357e-006,-0.000232913,2.40146e-005],[0.00544736,0.0245963,0.00662784,-0.0110568,-0.00449605,0.0759487,0.0345118,2.76332e-006,-1.74162e-007,-0.0012686,0.000993932,0.000177715,0.0010256,-0.00105866,-0.00123775,0.000649976,0.000257553,0.000952551,-0.000161749],[0.00452921,0.00631982,0.00467408,-0.00454339,-0.00316174,0.0345118,0.0219325,-3.0213e-006,-3.24517e-008,-0.000313182,0.00135533,-0.00037072,0.000269441,-0.000641834,0.000356412,9.48838e-005,7.76182e-005,0.00145655,-0.000871904],[1.97633e-005,0.00188043,-0.000218018,-3.944e-006,1.68723e-006,2.76332e-006,-3.0213e-006,3.83203e-006,-2.6658e-008,-0.000110247,-1.06197e-005,1.10554e-005,-2.62281e-005,3.9029e-005,8.72515e-005,2.07748e-006,6.6645e-007,-1.2713e-005,-1.9307e-005],[-1.15597e-007,-1.6548e-005,2.12178e-006,1.33522e-007,-1.27983e-008,-1.74162e-007,-3.24517e-008,-2.6658e-008,1.40148e-009,9.23523e-007,2.02631e-007,-1.28582e-007,2.39021e-007,5.55865e-007,-2.11378e-007,-3.99848e-008,-1.00986e-008,8.37249e-008,-1.3542e-007],[-0.000634825,-0.384893,0.00118428,0.000277844,-2.19528e-005,-0.0012686,-0.000313181,-0.000110247,9.23523e-007,0.0215534,-0.00134425,-0.00108338,0.000737906,0.000191975,-0.012648,-0.00015008,-6.05361e-005,-0.000531372,0.000235637],[-0.00143387,0.0245258,0.00200161,-0.000368163,-0.000225738,0.000993932,0.00135533,-1.06197e-005,2.02631e-007,-0.00134425,0.0279583,6.63485e-005,-0.000597071,-6.51135e-005,0.00381384,3.71953e-005,-3.32901e-007,0.00580018,-0.000688428],[-0.0104698,0.0189452,0.000850811,0.000221142,9.66148e-005,0.000177715,-0.00037072,1.10554e-005,-1.28582e-007,-0.00108338,6.63485e-005,0.0104625,-0.000889427,0.000309395,0.00770032,-2.42167e-005,4.87016e-006,-0.000433351,-0.00248787],[-0.000636072,-0.0125777,-0.000463013,0.00014819,-8.67743e-005,0.0010256,0.000269441,-2.62281e-005,2.39021e-007,0.000737906,-0.000597071,-0.000889427,0.00476496,0.000817374,0.000749046,-6.14548e-005,-2.25236e-007,0.000299839,9.51927e-005],[-2.26489e-005,-0.00485031,-0.0116938,0.000290608,7.95835e-005,-0.00105866,-0.000641834,3.9029e-005,5.55865e-007,0.000191975,-6.51135e-005,0.000309395,0.000817374,0.00424077,0.00191727,-2.44062e-005,2.2235e-006,0.000229332,-0.000439972],[-0.0096618,0.223394,0.00287478,-0.000271976,-0.000154592,-0.00123775,0.000356412,8.72515e-005,-2.11378e-007,-0.012648,0.00381384,0.00770032,0.000749046,0.00191727,0.111128,7.98268e-006,-3.20704e-005,-0.0025972,0.00067154],[-0.000292565,0.00283966,-0.000653579,-0.000549426,3.85219e-005,0.000649976,9.48838e-005,2.07748e-006,-3.99848e-008,-0.00015008,3.71953e-005,-2.42167e-005,-6.14548e-005,-2.44062e-005,7.98268e-006,0.000127549,1.82925e-005,-0.000125909,-5.25952e-005],[0.00014642,0.0011228,-1.84798e-005,-3.77171e-005,2.84357e-006,0.000257553,7.76182e-005,6.6645e-007,-1.00986e-008,-6.05361e-005,-3.32901e-007,4.87016e-006,-2.25236e-007,2.2235e-006,-3.20704e-005,1.82925e-005,7.27872e-006,3.70152e-006,-1.48255e-005],[0.00981041,0.00992754,0.00863951,0.000690238,-0.000232913,0.000952551,0.00145655,-1.2713e-005,8.37249e-008,-0.000531372,0.00580018,-0.000433351,0.000299839,0.000229332,-0.0025972,-0.000125909,3.70152e-006,0.0171088,-0.00110625],[-0.00575873,-0.00336785,-0.00294764,-1.25316e-005,2.40146e-005,-0.000161749,-0.000871904,-1.9307e-005,-1.3542e-007,0.000235637,-0.000688428,-0.00248787,9.51927e-005,-0.000439972,0.00067154,-5.25952e-005,-1.48255e-005,-0.00110625,0.0151798]]
vc = bioMatrix(19,names,values)
BIOGEME_OBJECT.VARCOVAR = vc
