Iter 0

Size = 18
Data size = 171
[ 19.9951 8.88995 11.1885 -133.834 -2.73073 -7.15035 2.51284 1.27889 -5.8342 -90.4437 -1628.01 -3592.41 97.7322 -11.1961 -28.1636 -2.07733 1.84452 0.81174 ;
8.88995 234.529 170.55 8299.04 307.207 128.933 37.3528 115.647 -48.1788 -324.293 -5837.27 -10214.4 -88.3837 -157.733 -256.593 -18865 -94.2963 -6.31765 ;
11.1885 170.55 423.79 15579.6 214.584 81.1821 26.1859 78.7033 -8.94789 -103.907 -1870.32 -3307.68 -21.4228 -27.7522 -593.48 -30298.8 -80.1363 -5.55036 ;
-133.834 8299.04 15579.6 695841 10951.5 4343.84 1285.16 4243.74 -511.978 -5947.65 -107058 -188136 -1005.23 -1713.66 -22112.1 -1.34988e+006 -3906.31 -272.019 ;
-2.73073 307.207 214.584 10951.5 485.764 172.866 51.2574 159.668 -64.7324 -427.312 -7691.6 -13480.3 -100.851 -221.662 -325.665 -24668.5 -120.654 -13.2705 ;
-7.15035 128.933 81.1821 4343.84 172.866 277.408 28.7228 68.5703 -36.9963 -245.576 -4420.34 -6051.73 -0.777956 -178.968 -114.184 -9673.76 -49.182 -4.64171 ;
2.51284 37.3528 26.1859 1285.16 51.2574 28.7228 37.3528 18.4548 -8.80717 -53.5358 -963.64 -1578.19 -19.1485 -30.731 -40.3391 -2889 -21.3257 -1.30814 ;
1.27889 115.647 78.7033 4243.74 159.668 68.5703 18.4548 115.647 -21.6201 -166.758 -3001.65 -5157.12 -8.95111 -73.2011 -112.79 -9713.58 -45.5186 -3.9225 ;
-5.8342 -48.1788 -8.94789 -511.978 -64.7324 -36.9963 -8.80717 -21.6201 70.381 477.733 8599.18 15232.4 134.438 222.165 -11.7417 -887.238 -11.9538 -0.266725 ;
-90.4437 -324.293 -103.907 -5947.65 -427.312 -245.576 -53.5358 -166.758 477.733 5867.08 105607 187625 889.05 1558.29 -105.057 -8969.43 -89.0905 -1.56412 ;
-1628.01 -5837.27 -1870.32 -107058 -7691.6 -4420.34 -963.64 -3001.65 8599.18 105607 1.90093e+006 3.37724e+006 16002.9 28049.2 -1891.03 -161449 -1603.63 -28.1517 ;
-3592.41 -10214.4 -3307.68 -188136 -13480.3 -6051.73 -1578.19 -5157.12 15232.4 187625 3.37724e+006 6.57551e+006 41785.4 47052 -3276.85 -289304 -2899.65 -6.35495 ;
97.7322 -88.3837 -21.4228 -1005.23 -100.851 -0.777956 -19.1485 -8.95111 134.438 889.05 16002.9 41785.4 5066.18 228.559 -26.8785 -1496.26 -30.6496 0 ;
-11.1961 -157.733 -27.7522 -1713.66 -221.662 -178.968 -30.731 -73.2011 222.165 1558.29 28049.2 47052 228.559 955.34 -29.625 -2760.9 -37.8724 -0.997484 ;
-28.1636 -256.593 -593.48 -22112.1 -325.665 -114.184 -40.3391 -112.79 -11.7417 -105.057 -1891.03 -3276.85 -26.8785 -29.625 1221.34 45702.5 136.911 9.93877 ;
-2.07733 -18865 -30298.8 -1.34988e+006 -24668.5 -9673.76 -2889 -9713.58 -887.238 -8969.43 -161449 -289304 -1496.26 -2760.9 45702.5 3.18283e+006 9806.22 794.552 ;
1.84452 -94.2963 -80.1363 -3906.31 -120.654 -49.182 -21.3257 -45.5186 -11.9538 -89.0905 -1603.63 -2899.65 -30.6496 -37.8724 136.911 9806.22 106.25 3.19889 ;
0.81174 -6.31765 -5.55036 -272.019 -13.2705 -4.64171 -1.30814 -3.9225 -0.266725 -1.56412 -28.1517 -6.35495 0 -0.997484 9.93877 794.552 3.19889 6.58438 ;
]
+++++++++++++
Iter 2

Size = 18
Data size = 171
[ 24.753 2.37452 1.33487 45.4495 2.85257 0.855639 0.232249 1.3894 -0.722244 -11.1426 -200.658 -546.153 37.7833 -2.41072 -0.729434 -255.854 -0.813298 -0.174004 ;
2.37452 58.8305 43.3241 2077.6 77.2696 32.571 9.17275 28.9826 -12.0881 -78.7475 -1417.44 -2467.37 -34.8824 -39.668 -65.1207 -4738.39 -23.7142 -1.56654 ;
1.33487 43.3241 114.8 4041.9 54.4193 20.6871 6.4666 19.5609 -2.1593 -24.011 -432.197 -756.164 -9.50526 -6.78783 -161.237 -7799.27 -20.6022 -1.45532 ;
45.4495 2077.6 4041.9 175393 2755.44 1089.61 311.451 1051.43 -125.114 -1406.2 -25311.5 -43940.9 -440.389 -423.278 -5837.88 -340123 -981.484 -71.5451 ;
2.85257 77.2696 54.4193 2755.44 122.986 44.009 12.6742 40.196 -16.2843 -104.358 -1878.42 -3268.18 -40.3829 -56.0202 -82.5981 -6230.75 -30.4615 -3.28859 ;
0.855639 32.571 20.6871 1089.61 44.009 70.3785 7.15826 17.2791 -9.38372 -61.7147 -1110.83 -1510.17 -0.288609 -45.466 -29.1484 -2449.8 -12.4398 -1.15288 ;
0.232249 9.17275 6.4666 311.451 12.6742 7.15826 9.17275 4.52233 -2.20511 -13.1093 -235.956 -383.244 -7.59125 -7.73999 -9.92424 -705.46 -5.2417 -0.333641 ;
1.3894 28.9826 19.5609 1051.43 40.196 17.2791 4.52233 28.9826 -5.34404 -39.7139 -714.841 -1211.12 -3.8523 -18.2387 -28.0543 -2432.57 -11.4499 -0.952724 ;
-0.722244 -12.0881 -2.1593 -125.114 -16.2843 -9.38372 -2.20511 -5.34404 17.3722 114.394 2059.08 3622.71 50.9621 55.1814 -2.73023 -208.312 -2.89089 -0.0740869 ;
-11.1426 -78.7475 -24.011 -1406.2 -104.358 -61.7147 -13.1093 -39.7139 114.394 1360.89 24495.9 42865.4 379.408 378.808 -23.6818 -2052.47 -21.1341 -0.452022 ;
-200.658 -1417.44 -432.197 -25311.5 -1878.42 -1110.83 -235.956 -714.841 2059.08 24495.9 440925 771578 6829.34 6818.44 -426.273 -36943.7 -380.408 -8.13103 ;
-546.153 -2467.37 -756.164 -43940.9 -3268.18 -1510.17 -383.244 -1211.12 3622.71 42865.4 771578 1.48984e+006 17832.2 11339.4 -735.165 -65183.8 -685.547 -1.65036 ;
37.7833 -34.8824 -9.50526 -440.389 -40.3829 -0.288609 -7.59125 -3.8523 50.9621 379.408 6829.34 17832.2 2676.75 85.2345 -10.0504 -575.165 -11.0177 0 ;
-2.41072 -39.668 -6.78783 -423.278 -56.0202 -45.466 -7.73999 -18.2387 55.1814 378.808 6818.44 11339.4 85.2345 238.555 -6.97059 -659.304 -9.24229 -0.27965 ;
-0.729434 -65.1207 -161.237 -5837.88 -82.5981 -29.1484 -9.92424 -28.0543 -2.73023 -23.6818 -426.273 -735.165 -10.0504 -6.97059 326.998 11786.1 35.0019 2.72474 ;
-255.854 -4738.39 -7799.27 -340123 -6230.75 -2449.8 -705.46 -2432.57 -208.312 -2052.47 -36943.7 -65183.8 -575.165 -659.304 11786.1 799949 2464.94 202.546 ;
-0.813298 -23.7142 -20.6022 -981.484 -30.4615 -12.4398 -5.2417 -11.4499 -2.89089 -21.1341 -380.408 -685.547 -11.0177 -9.24229 35.0019 2464.94 26.6051 0.80126 ;
-0.174004 -1.56654 -1.45532 -71.5451 -3.28859 -1.15288 -0.333641 -0.952724 -0.0740869 -0.452022 -8.13103 -1.65036 0 -0.27965 2.72474 202.546 0.80126 1.64062 ;
]
+++++++++++++
Iter 3

Size = 18
Data size = 171
[ 40.1344 5.30397 2.6236 61.7518 6.56717 1.21929 0.444416 3.26527 -6.49366 -106.864 -1923.63 -4212.18 88.7607 -20.7573 -2.61049 -35.6659 0.688144 -0.18103 ;
5.30397 58.7384 43.2885 2076.34 77.1859 32.5031 9.16612 28.9558 -12.2856 -83.1952 -1497.5 -2631.55 -24.9322 -40.401 -64.9355 -4716.86 -23.5718 -1.56412 ;
2.6236 43.2885 114.384 4035.1 54.3856 20.6274 6.47694 19.5698 -2.2561 -26.1807 -471.252 -837.863 -6.17447 -7.07535 -160.589 -7782.07 -20.505 -1.44543 ;
61.7518 2076.34 4035.1 175300 2753.17 1087.87 312.035 1051.57 -131.315 -1534.17 -27614.9 -48757.3 -295.493 -442.598 -5815.14 -339383 -977.437 -71.1447 ;
6.56717 77.1859 54.3856 2753.17 122.889 43.904 12.6712 40.1815 -16.5964 -110.642 -1991.54 -3501.83 -28.79 -57.0642 -82.3425 -6200.1 -30.2678 -3.28393 ;
1.21929 32.5031 20.6274 1087.87 43.904 70.1942 7.15474 17.2475 -9.47929 -63.4314 -1141.73 -1563.88 -0.251332 -45.9234 -28.9611 -2436.45 -12.348 -1.15227 ;
0.444416 9.16612 6.47694 312.035 12.6712 7.15474 9.16612 4.53478 -2.20672 -13.4677 -242.409 -396.297 -5.20026 -7.79698 -9.94036 -705.095 -5.23264 -0.332863 ;
3.26527 28.9558 19.5698 1051.57 40.1815 17.2475 4.53478 28.9558 -5.53017 -42.8025 -770.436 -1328.38 -2.65145 -18.7912 -27.926 -2417.65 -11.3363 -0.951864 ;
-6.49366 -12.2856 -2.2561 -131.315 -16.5964 -9.47929 -2.20672 -5.53017 17.67 121.078 2179.39 3872.35 36.9307 56.2684 -2.80687 -217.472 -2.93548 -0.0695196 ;
-106.864 -83.1952 -26.1807 -1534.17 -110.642 -63.4314 -13.4677 -42.8025 121.078 1498.07 26965.1 48082.2 256.733 399.143 -25.3618 -2233.52 -22.1716 -0.405491 ;
-1923.63 -1497.5 -471.252 -27614.9 -1991.54 -1141.73 -242.409 -770.436 2179.39 26965.1 485370 865481 4621.19 7184.49 -456.513 -40202.5 -399.084 -7.29401 ;
-4212.18 -2631.55 -837.863 -48757.3 -3501.83 -1563.88 -396.297 -1328.38 3872.35 48082.2 865481 1.68964e+006 12066.4 12072.3 -798.211 -72217.1 -722.683 -1.62106 ;
88.7607 -24.9322 -6.17447 -295.493 -28.79 -0.251332 -5.20026 -2.65145 36.9307 256.733 4621.19 12066.4 1506.81 63.8234 -7.16014 -406.487 -8.11773 0 ;
-20.7573 -40.401 -7.07535 -442.598 -57.0642 -45.9234 -7.79698 -18.7912 56.2684 399.143 7184.49 12072.3 63.8234 242.917 -7.19263 -686.905 -9.43241 -0.262296 ;
-2.61049 -64.9355 -160.589 -5815.14 -82.3425 -28.9611 -9.94036 -27.926 -2.80687 -25.3618 -456.513 -798.211 -7.16014 -7.19263 326.816 11771.1 34.8514 2.68477 ;
-35.6659 -4716.86 -7782.07 -339383 -6200.1 -2436.45 -705.095 -2417.65 -217.472 -2233.52 -40202.5 -72217.1 -406.487 -686.905 11771.1 798828 2457.87 201.684 ;
0.688144 -23.5718 -20.505 -977.437 -30.2678 -12.348 -5.23264 -11.3363 -2.93548 -22.1716 -399.084 -722.683 -8.11773 -9.43241 34.8514 2457.87 26.5073 0.796688 ;
-0.18103 -1.56412 -1.44543 -71.1447 -3.28393 -1.15227 -0.332863 -0.951864 -0.0695196 -0.405491 -7.29401 -1.62106 0 -0.262296 2.68477 201.684 0.796688 1.63364 ;
]
+++++++++++++
Iter 4

Size = 18
Data size = 171
[ 54.545 0.14043 8.42339 -67.1418 -2.33631 -6.38631 -0.502884 -0.722151 -3.25555 -90.9419 -1637.05 -3584.43 98.6844 -8.59276 -34.2592 -50.3649 1.64416 -0.0793517 ;
0.14043 51.0847 37.812 1812.94 66.973 28.089 7.97008 25.2036 -10.539 -71.5175 -1287.3 -2253.38 -20.2673 -34.6944 -57.1933 -4127.83 -20.5466 -1.35744 ;
8.42339 37.812 97.7989 3475.2 47.4306 17.7641 5.6973 17.1829 -1.93296 -22.4928 -404.869 -715.992 -4.90065 -6.07547 -138.242 -6769.6 -17.6437 -1.17996 ;
-67.1418 1812.94 3475.2 151810 2394.71 944.518 274.473 921.316 -112.815 -1322.65 -23807.7 -41820.7 -235.777 -380.731 -4972.1 -295619 -848.789 -58.4966 ;
-2.33631 66.973 47.4306 2394.71 106.387 37.8176 10.986 34.8941 -14.2132 -94.9728 -1709.49 -2994.22 -23.3194 -48.8711 -72.3378 -5407.09 -26.326 -2.85099 ;
-6.38631 28.089 17.7641 944.518 37.8176 60.5182 6.16739 14.9478 -8.13979 -54.7082 -984.718 -1346.56 -0.197614 -39.4443 -24.9883 -2111.72 -10.6981 -1.00869 ;
-0.502884 7.97008 5.6973 274.473 10.986 6.16739 7.97008 3.9541 -1.87636 -11.5115 -207.197 -337.024 -4.20909 -6.62004 -8.88384 -620.121 -4.57682 -0.289794 ;
-0.722151 25.2036 17.1829 921.316 34.8941 14.9478 3.9541 25.2036 -4.76713 -36.9587 -665.248 -1143.78 -2.14898 -16.1953 -24.6077 -2115.08 -9.88347 -0.831186 ;
-3.25555 -10.539 -1.93296 -112.815 -14.2132 -8.13979 -1.87636 -4.76713 15.1548 104.061 1873.09 3315.41 30.1485 48.2634 -2.44264 -186.969 -2.51345 -0.0607764 ;
-90.9419 -71.5175 -22.4928 -1322.65 -94.9728 -54.7082 -11.5115 -36.9587 104.061 1292.67 23267.9 41273.8 205.565 343.08 -22.177 -1925.15 -19.0113 -0.362436 ;
-1637.05 -1287.3 -404.869 -23807.7 -1709.49 -984.718 -207.197 -665.248 1873.09 23267.9 418821 742929 3700.17 6175.35 -399.185 -34651.9 -342.199 -6.51914 ;
-3584.43 -2253.38 -715.992 -41820.7 -2994.22 -1346.56 -337.024 -1143.78 3315.41 41273.8 742929 1.44444e+006 9661.56 10346.5 -693.935 -61959 -617.533 -1.41686 ;
98.6844 -20.2673 -4.90065 -235.777 -23.3194 -0.197614 -4.20909 -2.14898 30.1485 205.565 3700.17 9661.56 1191.65 51.9628 -5.91999 -331.624 -6.66238 0 ;
-8.59276 -34.6944 -6.07547 -380.731 -48.8711 -39.4443 -6.62004 -16.1953 48.2634 343.08 6175.35 10346.5 51.9628 208.4 -6.22103 -588.707 -8.06157 -0.228829 ;
-34.2592 -57.1933 -138.242 -4972.1 -72.3378 -24.9883 -8.88384 -24.6077 -2.44264 -22.177 -399.185 -693.935 -5.91999 -6.22103 287.951 10304.3 29.9228 2.02704 ;
-50.3649 -4127.83 -6769.6 -295619 -5407.09 -2111.72 -620.121 -2115.08 -186.969 -1925.15 -34651.9 -61959 -331.624 -588.707 10304.3 699094 2138.2 172.268 ;
1.64416 -20.5466 -17.6437 -848.789 -26.326 -10.6981 -4.57682 -9.88347 -2.51345 -19.0113 -342.199 -617.533 -6.66238 -8.06157 29.9228 2138.2 23.06 0.68446 ;
-0.0793517 -1.35744 -1.17996 -58.4966 -2.85099 -1.00869 -0.289794 -0.831186 -0.0607764 -0.362436 -6.51914 -1.41686 0 -0.228829 2.02704 172.268 0.68446 1.41821 ;
]
+++++++++++++
Iter 6

Size = 18
Data size = 171
[ 94.4169 0.340921 0.0555815 -134.513 2.76682 -1.80661 -0.471667 1.25925 -2.1442 -51.5856 -928.648 -1946 85.8102 -9.23253 -8.03784 -54.5464 -0.22914 -0.361775 ;
0.340921 17.8152 13.245 631.684 23.3966 9.8284 2.77134 8.78288 -3.67553 -24.4288 -439.709 -764.2 -8.07947 -12.1329 -19.9905 -1439.02 -7.18067 -0.47336 ;
0.0555815 13.245 35.5103 1243.31 16.6353 6.22883 1.97505 5.9615 -0.659615 -7.4868 -134.761 -235.633 -1.99805 -2.09151 -50.3182 -2395.04 -6.25679 -0.447806 ;
-134.513 631.684 1243.31 53717.1 837.299 328.417 94.4785 319.121 -38.6626 -444 -7991.91 -13883.1 -95.7498 -131.484 -1807.42 -103784 -297.75 -22.1927 ;
2.76682 23.3966 16.6353 837.299 37.271 13.2783 3.83353 12.1881 -4.96914 -32.5372 -585.652 -1017.76 -9.34011 -17.1494 -25.3403 -1890.53 -9.21839 -0.99376 ;
-1.80661 9.8284 6.22883 328.417 13.2783 21.2218 2.15951 5.22255 -2.86936 -19.1577 -344.814 -469.42 -0.0742176 -13.9079 -8.73011 -736.795 -3.73639 -0.349577 ;
-0.471667 2.77134 1.97505 94.4785 3.83353 2.15951 2.77134 1.37337 -0.660622 -3.99206 -71.8487 -115.772 -1.69616 -2.34237 -3.06197 -214.344 -1.58984 -0.101194 ;
1.25925 8.78288 5.9615 319.121 12.1881 5.22255 1.37337 8.78288 -1.65163 -12.5441 -225.788 -384.541 -0.880755 -5.63314 -8.51062 -736.3 -3.45305 -0.285582 ;
-2.1442 -3.67553 -0.659615 -38.6626 -4.96914 -2.86936 -0.660622 -1.65163 5.26383 35.4255 637.646 1120.35 11.9013 16.8281 -0.82756 -63.736 -0.869895 -0.0228194 ;
-51.5856 -24.4288 -7.4868 -444 -32.5372 -19.1577 -3.99206 -12.5441 35.4255 431.029 7758.4 13596.8 82.5473 117.889 -7.35302 -643.708 -6.48839 -0.139332 ;
-928.648 -439.709 -134.761 -7991.91 -585.652 -344.814 -71.8487 -225.788 637.646 7758.4 139649 244742 1485.85 2121.93 -132.354 -11586 -116.787 -2.50357 ;
-1946 -764.2 -235.633 -13883.1 -1017.76 -469.42 -115.772 -384.541 1120.35 13596.8 244742 471917 3879.72 3530.45 -228.391 -20477.7 -209.727 -0.506291 ;
85.8102 -8.07947 -1.99805 -95.7498 -9.34011 -0.0742176 -1.69616 -0.880755 11.9013 82.5473 1485.85 3879.72 520.56 20.4663 -2.3175 -130.325 -2.60048 0 ;
-9.23253 -12.1329 -2.09151 -131.484 -17.1494 -13.9079 -2.34237 -5.63314 16.8281 117.889 2121.93 3530.45 20.4663 72.8405 -2.12273 -202.589 -2.80448 -0.0867992 ;
-8.03784 -19.9905 -50.3182 -1807.42 -25.3403 -8.73011 -3.06197 -8.51062 -0.82756 -7.35302 -132.354 -228.391 -2.3175 -2.12273 104.291 3649.6 10.6117 0.839068 ;
-54.5464 -1439.02 -2395.04 -103784 -1890.53 -736.795 -214.344 -736.3 -63.736 -643.708 -11586 -20477.7 -130.325 -202.589 3649.6 244019 748.077 61.805 ;
-0.22914 -7.18067 -6.25679 -297.75 -9.21839 -3.73639 -1.58984 -3.45305 -0.869895 -6.48839 -116.787 -209.727 -2.60048 -2.80448 10.6117 748.077 8.05057 0.24183 ;
-0.361775 -0.47336 -0.447806 -22.1927 -0.99376 -0.349577 -0.101194 -0.285582 -0.0228194 -0.139332 -2.50357 -0.506291 0 -0.0867992 0.839068 61.805 0.24183 0.496179 ;
]
+++++++++++++
Iter 7

Size = 18
Data size = 171
[ 127.026 -0.555714 11.5716 -33.8763 -2.39114 -9.01878 -0.608509 -0.634756 -3.63013 -98.8549 -1779.5 -3970.24 100.216 -9.13356 -40.9131 -64.0096 1.44875 -0.095374 ;
-0.555714 21.7342 16.127 770.499 28.4897 11.9034 3.38637 10.7231 -4.50439 -30.642 -551.548 -967.999 -8.47096 -14.8243 -24.4986 -1754.7 -8.73442 -0.578766 ;
11.5716 16.127 41.9823 1483.02 20.2317 7.48445 2.41656 7.30843 -0.824065 -9.60617 -172.91 -306.945 -2.02536 -2.59097 -60.2212 -2890.83 -7.47925 -0.511679 ;
-33.8763 770.499 1483.02 64566.1 1017.79 398.477 116.017 390.983 -48.3194 -568.116 -10226 -18029.5 -98.2944 -162.942 -2145.83 -125642 -359.875 -25.4893 ;
-2.39114 28.4897 20.2317 1017.79 45.2658 16.0192 4.66768 14.8494 -6.08063 -40.7634 -733.725 -1288.4 -9.75568 -20.889 -30.9548 -2297.56 -11.1905 -1.21544 ;
-9.01878 11.9034 7.48445 398.477 16.0192 25.6281 2.60567 6.34386 -3.46685 -23.271 -418.853 -573.344 -0.0841562 -16.7997 -10.5049 -891.424 -4.52531 -0.429446 ;
-0.608509 3.38637 2.41656 116.017 4.66768 2.60567 3.38637 1.68205 -0.798161 -4.90338 -88.2526 -143.783 -1.74326 -2.81616 -3.79908 -262.81 -1.94417 -0.123116 ;
-0.634756 10.7231 7.30843 390.983 14.8494 6.34386 1.68205 10.7231 -2.04378 -15.88 -285.834 -492.953 -0.899384 -6.93591 -10.4494 -897.915 -4.19856 -0.352666 ;
-3.63013 -4.50439 -0.824065 -48.3194 -6.08063 -3.46685 -0.798161 -2.04378 6.4625 44.5162 801.279 1421.96 12.5921 20.5749 -1.03719 -79.5678 -1.06871 -0.0261872 ;
-98.8549 -30.642 -9.60617 -568.116 -40.7634 -23.271 -4.90338 -15.88 44.5162 554.751 9985.41 17781.8 85.7718 146.593 -9.44532 -823.136 -8.11054 -0.155323 ;
-1779.5 -551.548 -172.91 -10226 -733.725 -418.853 -88.2526 -285.834 801.279 9985.41 179736 320072 1543.89 2638.6 -170.016 -14815.8 -145.986 -2.79179 ;
-3970.24 -967.999 -306.945 -18029.5 -1288.4 -573.344 -143.783 -492.953 1421.96 17781.8 320072 624074 4031.27 4431 -296.908 -26583.4 -263.952 -0.603502 ;
100.216 -8.47096 -2.02536 -98.2944 -9.75568 -0.0841562 -1.74326 -0.899384 12.5921 85.7718 1543.89 4031.27 489.293 21.7698 -2.47858 -138.623 -2.78148 0 ;
-9.13356 -14.8243 -2.59097 -162.942 -20.889 -16.7997 -2.81616 -6.93591 20.5749 146.593 2638.6 4431 21.7698 88.7943 -2.63201 -250.115 -3.4263 -0.0990573 ;
-40.9131 -24.4986 -60.2212 -2145.83 -30.9548 -10.5049 -3.79908 -10.4494 -1.03719 -9.44532 -170.016 -296.908 -2.47858 -2.63201 127.578 4438.56 12.7028 0.888998 ;
-64.0096 -1754.7 -2890.83 -125642 -2297.56 -891.424 -262.81 -897.915 -79.5678 -823.136 -14815.8 -26583.4 -138.623 -250.115 4438.56 297223 908.05 73.9199 ;
1.44875 -8.73442 -7.47925 -359.875 -11.1905 -4.52531 -1.94417 -4.19856 -1.06871 -8.11054 -145.986 -263.952 -2.78148 -3.4263 12.7028 908.05 9.80313 0.291676 ;
-0.095374 -0.578766 -0.511679 -25.4893 -1.21544 -0.429446 -0.123116 -0.352666 -0.0261872 -0.155323 -2.79179 -0.603502 0 -0.0990573 0.888998 73.9199 0.291676 0.604953 ;
]
+++++++++++++
Iter 8

Size = 18
Data size = 171
[ 144.84 0.821898 5.88589 -58.8913 1.77994 -4.67644 -0.400995 1.14663 -3.67632 -85.9512 -1547.23 -3470.37 103.574 -12.1296 -22.0756 -67.3813 0.364377 -0.266868 ;
0.821898 15.7933 11.7282 559.68 20.728 8.68338 2.45839 7.78993 -3.26868 -22.0368 -396.655 -694.815 -5.99961 -10.7856 -17.7599 -1274.67 -6.35775 -0.420507 ;
5.88589 11.7282 31.0306 1091.14 14.7275 5.47549 1.75087 5.29443 -0.592412 -6.83916 -123.104 -217.953 -1.41063 -1.87152 -44.288 -2112.48 -5.49373 -0.389091 ;
-58.8913 559.68 1091.14 47308.8 740.964 290.006 83.8548 283.245 -34.7899 -405.567 -7300.12 -12841.8 -68.7193 -117.819 -1586.92 -91642.9 -262.707 -19.3385 ;
1.77994 20.728 14.7275 740.964 32.9877 11.7125 3.39621 10.8031 -4.42116 -29.3707 -528.658 -926.432 -6.91072 -15.2314 -22.4814 -1672.29 -8.15415 -0.882953 ;
-4.67644 8.68338 5.47549 290.006 11.7125 18.7253 1.90455 4.62064 -2.53257 -16.9002 -304.182 -416.193 -0.0586048 -12.2748 -7.67914 -650.323 -3.30116 -0.310924 ;
-0.400995 2.45839 1.75087 83.8548 3.39621 1.90455 2.45839 1.22042 -0.581848 -3.54301 -63.7668 -103.555 -1.2262 -2.06475 -2.73505 -190.333 -1.4115 -0.0895826 ;
1.14663 7.78993 5.29443 283.245 10.8031 4.62064 1.22042 7.78993 -1.48137 -11.4157 -205.476 -353.935 -0.638969 -5.03608 -7.55697 -651.936 -3.05345 -0.254409 ;
-3.67632 -3.26868 -0.592412 -34.7899 -4.42116 -2.53257 -0.581848 -1.48137 4.68499 32 575.99 1020.23 8.91353 14.9662 -0.742255 -57.3445 -0.773738 -0.0192755 ;
-85.9512 -22.0368 -6.83916 -405.567 -29.3707 -16.9002 -3.54301 -11.4157 32 395.38 7116.74 12644.8 59.8039 105.914 -6.69757 -588.646 -5.83984 -0.113659 ;
-1547.23 -396.655 -123.104 -7300.12 -528.658 -304.182 -63.7668 -205.476 575.99 7116.74 128100 227606 1076.47 1906.38 -120.556 -10595 -105.114 -2.04208 ;
-3470.37 -694.815 -217.953 -12841.8 -926.432 -416.193 -103.555 -353.935 1020.23 12644.8 227606 442874 2810.79 3196.41 -210.282 -18967.9 -189.754 -0.436205 ;
103.574 -5.99961 -1.41063 -68.7193 -6.91072 -0.0586048 -1.2262 -0.638969 8.91353 59.8039 1076.47 2810.79 340.884 15.4923 -1.73155 -97.0801 -1.96711 0 ;
-12.1296 -10.7856 -1.87152 -117.819 -15.2314 -12.2748 -2.06475 -5.03608 14.9662 105.914 1906.38 3196.41 15.4923 64.6849 -1.89713 -181.404 -2.49385 -0.0732711 ;
-22.0756 -17.7599 -44.288 -1586.92 -22.4814 -7.67914 -2.73505 -7.55697 -0.742255 -6.69757 -120.556 -210.282 -1.73155 -1.89713 92.9159 3233.93 9.33022 0.711172 ;
-67.3813 -1274.67 -2112.48 -91642.9 -1672.29 -650.323 -190.333 -651.936 -57.3445 -588.646 -10595 -18967.9 -97.0801 -181.404 3233.93 216063 661.574 54.4751 ;
0.364377 -6.35775 -5.49373 -262.707 -8.15415 -3.30116 -1.4115 -3.05345 -0.773738 -5.83984 -105.114 -189.754 -1.96711 -2.49385 9.33022 661.574 7.13148 0.213451 ;
-0.266868 -0.420507 -0.389091 -19.3385 -0.882953 -0.310924 -0.0895826 -0.254409 -0.0192755 -0.113659 -2.04208 -0.436205 0 -0.0732711 0.711172 54.4751 0.213451 0.439782 ;
]
+++++++++++++
Iter 9

Size = 18
Data size = 171
[ 257.328 2.28159 10.6265 -54.9152 -0.531905 -6.88355 0.578608 1.39575 -3.82264 -73.3452 -1320.31 -2945.28 98.3922 -9.89339 -24.6002 -66.8258 -0.0334027 0.0869102 ;
2.28159 9.03875 6.67783 319.067 11.8508 4.95353 1.41599 4.45626 -1.87506 -12.5404 -225.721 -394.315 -3.58177 -6.1705 -10.1576 -727.273 -3.63513 -0.243101 ;
10.6265 6.67783 17.4797 619.265 8.39434 3.08464 0.997025 3.02039 -0.337735 -3.86395 -69.5502 -122.606 -0.845879 -1.06475 -25.4047 -1200.59 -3.1124 -0.231086 ;
-54.9152 319.067 619.265 26985.8 422.227 164.183 47.8105 161.508 -19.8256 -229.24 -4126.26 -7227.94 -41.0279 -67.0193 -913.74 -52187.9 -149.639 -11.5261 ;
-0.531905 11.8508 8.39434 422.227 18.8214 6.66898 1.95172 6.17211 -2.53334 -16.6865 -300.346 -524.844 -4.11788 -8.70622 -12.8538 -952.711 -4.65797 -0.510428 ;
-6.88355 4.95353 3.08464 164.183 6.66898 10.6735 1.08892 2.63865 -1.45058 -9.63877 -173.481 -236.952 -0.0328987 -7.02293 -4.31565 -368.314 -1.87843 -0.178698 ;
0.578608 1.41599 0.997025 47.8105 1.95172 1.08892 1.41599 0.702042 -0.336882 -2.04166 -36.7442 -59.555 -0.748761 -1.18849 -1.56642 -108.819 -0.80998 -0.0509813 ;
1.39575 4.45626 3.02039 161.508 6.17211 2.63865 0.702042 4.45626 -0.84764 -6.48405 -116.709 -200.288 -0.379833 -2.87654 -4.30913 -372.091 -1.74779 -0.146666 ;
-3.82264 -1.87506 -0.337735 -19.8256 -2.53334 -1.45058 -0.336882 -0.84764 2.69448 18.2487 328.468 580.352 5.34275 8.57349 -0.429724 -32.9819 -0.447577 -0.0114025 ;
-73.3452 -12.5404 -3.86395 -229.24 -16.6865 -9.63877 -2.04166 -6.48405 18.2487 223.515 4023.19 7117.89 35.7553 60.2305 -3.83823 -335.339 -3.35291 -0.0681594 ;
-1320.31 -225.721 -69.5502 -4126.26 -300.346 -173.481 -36.7442 -116.709 328.468 4023.19 72416 128122 643.596 1084.09 -69.0881 -6035.61 -60.3499 -1.22383 ;
-2945.28 -394.315 -122.606 -7227.94 -524.844 -236.952 -59.555 -200.288 580.352 7117.89 128122 248653 1680.5 1813.58 -120.094 -10762.9 -108.806 -0.25357 ;
98.3922 -3.58177 -0.845879 -41.0279 -4.11788 -0.0328987 -0.748761 -0.379833 5.34275 35.7553 643.596 1680.5 209.737 9.19046 -1.05141 -58.5139 -1.1881 0 ;
-9.89339 -6.1705 -1.06475 -67.0193 -8.70622 -7.02293 -1.18849 -2.87654 8.57349 60.2305 1084.09 1813.58 9.19046 36.9906 -1.08858 -103.805 -1.43362 -0.0433839 ;
-24.6002 -10.1576 -25.4047 -913.74 -12.8538 -4.31565 -1.56642 -4.30913 -0.429724 -3.83823 -69.0881 -120.094 -1.05141 -1.08858 54.2144 1853.8 5.31612 0.434134 ;
-66.8258 -727.273 -1200.59 -52187.9 -952.711 -368.314 -108.819 -372.091 -32.9819 -335.339 -6035.61 -10762.9 -58.5139 -103.805 1853.8 123008 377.342 31.7329 ;
-0.0334027 -3.63513 -3.1124 -149.639 -4.65797 -1.87843 -0.80998 -1.74779 -0.447577 -3.35291 -60.3499 -108.806 -1.1881 -1.43362 5.31612 377.342 4.08271 0.123783 ;
0.0869102 -0.243101 -0.231086 -11.5261 -0.510428 -0.178698 -0.0509813 -0.146666 -0.0114025 -0.0681594 -1.22383 -0.25357 0 -0.0433839 0.434134 31.7329 0.123783 0.254503 ;
]
+++++++++++++
Iter 10

Size = 18
Data size = 171
[ 259.791 3.05996 14.5131 -76.737 -3.12868 -9.24428 1.02156 0.822853 -4.57339 -88.9883 -1601.89 -3490.86 93.884 -8.84601 -35.1354 -77.8361 0.626114 0.30355 ;
3.05996 10.647 7.8641 376.018 13.9438 5.81975 1.67567 5.2473 -2.21528 -14.937 -268.86 -470.097 -4.32965 -7.26486 -11.9978 -856.662 -4.27395 -0.287619 ;
14.5131 7.8641 20.4318 727.101 9.88547 3.60854 1.17913 3.56349 -0.402487 -4.64344 -83.581 -147.515 -1.03707 -1.26191 -29.9777 -1412.29 -3.64236 -0.271886 ;
-76.737 376.018 727.101 31789.8 496.884 192.855 56.6166 190.495 -23.5884 -274.776 -4945.9 -8671.05 -50.0903 -79.3457 -1076.16 -61462 -175.911 -13.593 ;
-3.12868 13.9438 9.88547 496.884 22.1012 7.8191 2.30418 7.25774 -2.98771 -19.8387 -357.084 -624.604 -4.97269 -10.2306 -15.1701 -1120.28 -5.47073 -0.603915 ;
-9.24428 5.81975 3.60854 192.855 7.8191 12.528 1.28145 3.10256 -1.70385 -11.3935 -205.065 -280.062 -0.0398817 -8.2424 -5.04418 -432.093 -2.20538 -0.21155 ;
1.02156 1.67567 1.17913 56.6166 2.30418 1.28145 1.67567 0.830316 -0.398368 -2.43616 -43.8447 -71.2132 -0.916105 -1.39557 -1.86035 -128.817 -0.95699 -0.0599618 ;
0.822853 5.2473 3.56349 190.495 7.25774 3.10256 0.830316 5.2473 -1.00167 -7.72154 -138.983 -238.553 -0.455695 -3.39057 -5.08403 -438.123 -2.05577 -0.173879 ;
-4.57339 -2.21528 -0.402487 -23.5884 -2.98771 -1.70385 -0.398368 -1.00167 3.19228 21.7847 392.115 693.433 6.47733 10.113 -0.517226 -39.462 -0.532948 -0.0133879 ;
-88.9883 -14.937 -4.64344 -274.776 -19.8387 -11.3935 -2.43616 -7.72154 21.7847 268.782 4837.99 8566.78 43.8455 71.4856 -4.6565 -403.794 -4.01125 -0.0806925 ;
-1601.89 -268.86 -83.581 -4945.9 -357.084 -205.065 -43.8447 -138.983 392.115 4837.99 87082.4 154202 789.218 1286.68 -83.817 -7267.79 -72.1999 -1.44926 ;
-3490.86 -470.097 -147.515 -8671.05 -624.604 -280.062 -71.2132 -238.553 693.433 8566.78 154202 299588 2060.74 2153.86 -145.705 -12971.5 -130.258 -0.301917 ;
93.884 -4.32965 -1.03707 -50.0903 -4.97269 -0.0398817 -0.916105 -0.455695 6.47733 43.8455 789.218 2060.74 257.932 11.0486 -1.29532 -71.9106 -1.44729 0 ;
-8.84601 -7.26486 -1.26191 -79.3457 -10.2306 -8.2424 -1.39557 -3.39057 10.113 71.4856 1286.68 2153.86 11.0486 43.5452 -1.29966 -123.369 -1.69627 -0.0506898 ;
-35.1354 -11.9978 -29.9777 -1076.16 -15.1701 -5.04418 -1.86035 -5.08403 -0.517226 -4.6565 -83.817 -145.705 -1.29532 -1.29966 64.6793 2192.04 6.23446 0.50744 ;
-77.8361 -856.662 -1412.29 -61462 -1120.28 -432.093 -128.817 -438.123 -39.462 -403.794 -7267.79 -12971.5 -71.9106 -123.369 2192.04 145005 443.942 37.4594 ;
0.626114 -4.27395 -3.64236 -175.911 -5.47073 -2.20538 -0.95699 -2.05577 -0.532948 -4.01125 -72.1999 -130.258 -1.44729 -1.69627 6.23446 443.942 4.8069 0.146257 ;
0.30355 -0.287619 -0.271886 -13.593 -0.603915 -0.21155 -0.0599618 -0.173879 -0.0133879 -0.0806925 -1.44926 -0.301917 0 -0.0506898 0.50744 37.4594 0.146257 0.301007 ;
]
+++++++++++++
Iter 11

Size = 18
Data size = 171
[ 446.187 4.88191 11.5832 -50.1597 -3.20299 -6.66263 1.65441 1.18251 -4.31899 -69.6739 -1254.2 -2757.57 90.4155 -6.7802 -21.8727 -78.7827 0.88584 0.544802 ;
4.88191 5.4705 4.03566 192.713 7.16181 2.99586 0.862642 2.69193 -1.13721 -7.57811 -136.401 -237.922 -2.27715 -3.72351 -6.15008 -439.342 -2.19347 -0.149007 ;
11.5832 4.03566 10.6017 375.605 5.07362 1.85685 0.604149 1.82257 -0.20453 -2.32915 -41.924 -73.7122 -0.543302 -0.640944 -15.5083 -726.945 -1.88064 -0.144371 ;
-50.1597 192.713 375.605 16357.8 254.833 98.8146 28.9403 97.3514 -11.9923 -138.097 -2485.69 -4342.38 -26.2288 -40.3221 -558.429 -31562 -90.3236 -7.204 ;
-3.20299 7.16181 5.07362 254.833 11.3383 4.02489 1.18466 3.72122 -1.53268 -10.0532 -180.948 -315.691 -2.61025 -5.24241 -7.77143 -574.519 -2.80573 -0.31264 ;
-6.66263 2.99586 1.85685 98.8146 4.02489 6.45498 0.659487 1.59326 -0.876237 -5.81434 -104.645 -142.695 -0.0195563 -4.23463 -2.59739 -221.949 -1.13305 -0.108796 ;
1.65441 0.862642 0.604149 28.9403 1.18466 0.659487 0.862642 0.425575 -0.20643 -1.25082 -22.5106 -36.4691 -0.488384 -0.721422 -0.952186 -65.9361 -0.490176 -0.0307626 ;
1.18251 2.69193 1.82257 97.3514 3.72122 1.59326 0.425575 2.69193 -0.512158 -3.90265 -70.2446 -120.221 -0.238154 -1.73224 -2.59719 -224.402 -1.05457 -0.089977 ;
-4.31899 -1.13721 -0.20453 -11.9923 -1.53268 -0.876237 -0.20643 -0.512158 1.64163 11.0717 199.283 351.617 3.41682 5.1902 -0.265437 -20.2311 -0.274655 -0.0070376 ;
-69.6739 -7.57811 -2.32915 -138.097 -10.0532 -5.81434 -1.25082 -3.90265 11.0717 134.989 2429.73 4286.75 22.9422 36.3109 -2.35652 -204.625 -2.04949 -0.0426505 ;
-1254.2 -136.401 -41.924 -2485.69 -180.948 -104.645 -22.5106 -70.2446 199.283 2429.73 43734 77161.6 412.96 653.556 -42.4172 -3682.88 -36.8891 -0.765362 ;
-2757.57 -237.922 -73.7122 -4342.38 -315.691 -142.695 -36.4691 -120.221 351.617 4286.75 77161.6 149563 1078.28 1091.51 -73.5473 -6548.38 -66.4555 -0.155074 ;
90.4155 -2.27715 -0.543302 -26.2288 -2.61025 -0.0195563 -0.488384 -0.238154 3.41682 22.9422 412.96 1078.28 137.881 5.7784 -0.684766 -37.9106 -0.767168 0 ;
-6.7802 -3.72351 -0.640944 -40.3221 -5.24241 -4.23463 -0.721422 -1.73224 5.1902 36.3109 653.556 1091.51 5.7784 22.3308 -0.664809 -63.211 -0.87166 -0.0267104 ;
-21.8727 -6.15008 -15.5083 -558.429 -7.77143 -2.59739 -0.952186 -2.59719 -0.265437 -2.35652 -42.4172 -73.5473 -0.684766 -0.664809 33.2574 1126.61 3.21804 0.276437 ;
-78.7827 -439.342 -726.945 -31562 -574.519 -221.949 -65.9361 -224.402 -20.2311 -204.625 -3682.88 -6548.38 -37.9106 -63.211 1126.61 74309.9 227.761 19.5173 ;
0.88584 -2.19347 -1.88064 -90.3236 -2.80573 -1.13305 -0.490176 -1.05457 -0.274655 -2.04949 -36.8891 -66.4555 -0.767168 -0.87166 3.21804 227.761 2.46812 0.07633 ;
0.544802 -0.149007 -0.144371 -7.204 -0.31264 -0.108796 -0.0307626 -0.089977 -0.0070376 -0.0426505 -0.765362 -0.155074 0 -0.0267104 0.276437 19.5173 0.07633 0.156044 ;
]
+++++++++++++
Iter 12

Size = 18
Data size = 171
[ 484.619 6.0918 12.538 -40.0541 -2.01818 -6.72282 1.84148 1.76025 -5.55178 -89.31 -1607.66 -3600.24 98.9738 -10.385 -24.1849 -83.9479 1.00785 0.545915 ;
6.0918 5.65888 4.17654 199.444 7.40893 3.09722 0.893271 2.78463 -1.17841 -7.9068 -142.318 -249.212 -2.14605 -3.85967 -6.36839 -454.469 -2.26789 -0.154169 ;
12.538 4.17654 10.9662 388.736 5.25141 1.91884 0.625942 1.88661 -0.212967 -2.44517 -44.0124 -77.8691 -0.498883 -0.666561 -16.0685 -752.373 -1.94381 -0.14929 ;
-40.0541 199.444 388.736 16936.5 263.701 102.184 29.9871 100.763 -12.4964 -144.926 -2608.61 -4585.94 -24.2734 -41.9562 -578.212 -32665.2 -93.4171 -7.45346 ;
-2.01818 7.40893 5.25141 263.701 11.7285 4.16014 1.22662 3.84956 -1.58949 -10.4976 -188.948 -331.021 -2.45576 -5.43518 -8.04651 -594.172 -2.90031 -0.323505 ;
-6.72282 3.09722 1.91884 102.184 4.16014 6.67183 0.682302 1.64739 -0.905669 -6.00722 -108.117 -147.818 -0.0189255 -4.37689 -2.68397 -229.508 -1.17139 -0.112647 ;
1.84148 0.893271 0.625942 29.9871 1.22662 0.682302 0.893271 0.440908 -0.213234 -1.29626 -23.3285 -37.9427 -0.453233 -0.74633 -0.987698 -68.3347 -0.50774 -0.0318183 ;
1.76025 2.78463 1.88661 100.763 3.84956 1.64739 0.440908 2.78463 -0.532692 -4.08812 -73.5832 -126.657 -0.221766 -1.79953 -2.68717 -232.003 -1.08926 -0.0930993 ;
-5.55178 -1.17841 -0.212967 -12.4964 -1.58949 -0.905669 -0.213234 -0.532692 1.70241 11.5643 208.151 368.735 3.23583 5.38392 -0.276135 -21.1121 -0.284897 -0.00709889 ;
-89.31 -7.9068 -2.44517 -144.926 -10.4976 -6.00722 -1.29626 -4.08812 11.5643 142.032 2556.51 4541.61 21.3512 37.8552 -2.4699 -215.211 -2.1382 -0.0421499 ;
-1607.66 -142.318 -44.0124 -2608.61 -188.948 -108.117 -23.3285 -73.5832 208.151 2556.51 46016.2 81749 384.321 681.353 -44.4581 -3873.45 -38.4859 -0.756441 ;
-3600.24 -249.212 -77.8691 -4585.94 -331.021 -147.818 -37.9427 -126.657 368.735 4541.61 81749 159161 1003.51 1142.34 -77.5037 -6931.72 -69.5053 -0.158236 ;
98.9738 -2.14605 -0.498883 -24.2734 -2.45576 -0.0189255 -0.453233 -0.221766 3.23583 21.3512 384.321 1003.51 121.701 5.50943 -0.646718 -35.8345 -0.730625 0 ;
-10.385 -3.85967 -0.666561 -41.9562 -5.43518 -4.37689 -0.74633 -1.79953 5.38392 37.8552 681.353 1142.34 5.50943 23.1533 -0.691652 -65.8856 -0.905017 -0.0269295 ;
-24.1849 -6.36839 -16.0685 -578.212 -8.04651 -2.68397 -0.987698 -2.68717 -0.276135 -2.4699 -44.4581 -77.5037 -0.646718 -0.691652 34.5368 1167.42 3.32762 0.285502 ;
-83.9479 -454.469 -752.373 -32665.2 -594.172 -229.508 -68.3347 -232.003 -21.1121 -215.211 -3873.45 -6931.72 -35.8345 -65.8856 1167.42 76925.8 235.622 20.1814 ;
1.00785 -2.26789 -1.94381 -93.4171 -2.90031 -1.17139 -0.50774 -1.08926 -0.284897 -2.1382 -38.4859 -69.5053 -0.730625 -0.905017 3.32762 235.622 2.55279 0.0788705 ;
0.545915 -0.154169 -0.14929 -7.45346 -0.323505 -0.112647 -0.0318183 -0.0930993 -0.00709889 -0.0421499 -0.756441 -0.158236 0 -0.0269295 0.285502 20.1814 0.0788705 0.161268 ;
]
+++++++++++++
Iter 13

Size = 18
Data size = 171
[ 969.647 4.93195 9.65018 -27.4203 -1.35878 -7.03979 1.25823 1.03771 -3.73057 -56.2287 -1012.12 -2255.73 89.9158 -7.26484 -18.2883 -81.3462 0.466613 0.457787 ;
4.93195 2.22935 1.64704 78.4877 2.92018 1.21941 0.350301 1.09613 -0.462576 -3.06157 -55.1059 -95.9674 -0.939278 -1.51877 -2.5087 -179.008 -0.894148 -0.0605256 ;
9.65018 1.64704 4.37062 153.77 2.07026 0.758022 0.245725 0.741633 -0.0825272 -0.932392 -16.7827 -29.4387 -0.223607 -0.259898 -6.36733 -297.237 -0.769532 -0.0588732 ;
-27.4203 78.4877 153.77 6665.83 103.855 40.1927 11.7423 39.5807 -4.85022 -55.4842 -998.686 -1740.82 -10.8205 -16.3778 -228.449 -12863.7 -36.8104 -2.93544 ;
-1.35878 2.92018 2.07026 103.855 4.62758 1.63911 0.481361 1.51609 -0.624201 -4.06689 -73.1992 -127.488 -1.07913 -2.14094 -3.16927 -234.241 -1.14423 -0.126999 ;
-7.03979 1.21941 0.758022 40.1927 1.63911 2.62731 0.267445 0.647911 -0.357826 -2.36522 -42.567 -57.9863 -0.00790927 -1.73062 -1.05945 -90.2298 -0.460396 -0.0441161 ;
1.25823 0.350301 0.245725 11.7423 0.481361 0.267445 0.350301 0.172572 -0.0839577 -0.505267 -9.09254 -14.6922 -0.200921 -0.294635 -0.387193 -26.7409 -0.198993 -0.0125 ;
1.03771 1.09613 0.741633 39.5807 1.51609 0.647911 0.172572 1.09613 -0.208011 -1.5743 -28.3358 -48.4157 -0.0990059 -0.70543 -1.05618 -91.34 -0.429494 -0.0365343 ;
-3.73057 -0.462576 -0.0825272 -4.85022 -0.624201 -0.357826 -0.0839577 -0.208011 0.666787 4.46756 80.4123 141.67 1.40775 2.1139 -0.106889 -8.16276 -0.111304 -0.00293546 ;
-56.2287 -3.06157 -0.932392 -55.4842 -4.06689 -2.36522 -0.505267 -1.5743 4.46756 54.1101 973.94 1714.38 9.43886 14.7175 -0.941491 -82.0756 -0.826846 -0.0179796 ;
-1012.12 -55.1059 -16.7827 -998.686 -73.1992 -42.567 -9.09254 -28.3358 80.4123 973.94 17530.2 30858.9 169.9 264.892 -16.9468 -1477.15 -14.8823 -0.322241 ;
-2255.73 -95.9674 -29.4387 -1740.82 -127.488 -57.9863 -14.6922 -48.4157 141.67 1714.38 30858.9 59717.9 443.627 441.791 -29.364 -2620.43 -26.7929 -0.0629722 ;
89.9158 -0.939278 -0.223607 -10.8205 -1.07913 -0.00790927 -0.200921 -0.0990059 1.40775 9.43886 169.9 443.627 57.4831 2.39151 -0.281487 -15.5828 -0.315942 0 ;
-7.26484 -1.51877 -0.259898 -16.3778 -2.14094 -1.73062 -0.294635 -0.70543 2.1139 14.7175 264.892 441.791 2.39151 9.10737 -0.268401 -25.5968 -0.35411 -0.0112379 ;
-18.2883 -2.5087 -6.36733 -228.449 -3.16927 -1.05945 -0.387193 -1.05618 -0.106889 -0.941491 -16.9468 -29.364 -0.281487 -0.268401 13.5985 459.828 1.31423 0.112887 ;
-81.3462 -179.008 -297.237 -12863.7 -234.241 -90.2298 -26.7409 -91.34 -8.16276 -82.0756 -1477.15 -2620.43 -15.5828 -25.5968 459.828 30261.3 92.7805 7.94327 ;
0.466613 -0.894148 -0.769532 -36.8104 -1.14423 -0.460396 -0.198993 -0.429494 -0.111304 -0.826846 -14.8823 -26.7929 -0.315942 -0.35411 1.31423 92.7805 1.00545 0.03104 ;
0.457787 -0.0605256 -0.0588732 -2.93544 -0.126999 -0.0441161 -0.0125 -0.0365343 -0.00293546 -0.0179796 -0.322241 -0.0629722 0 -0.0112379 0.112887 7.94327 0.03104 0.0634611 ;
]
+++++++++++++
Iter 14

Size = 18
Data size = 171
[ 976.222 7.87336 12.8856 -43.4635 -0.728176 -8.87732 1.96379 1.79379 -6.24323 -93.2935 -1679.33 -3757.11 97.4326 -12.6007 -24.9918 -99.6557 0.954033 0.62621 ;
7.87336 2.92032 2.15776 102.899 3.82332 1.59244 0.461322 1.43514 -0.609076 -4.08703 -73.5639 -128.869 -1.11189 -1.99602 -3.29437 -234.442 -1.16881 -0.079595 ;
12.8856 2.15776 5.69851 201.415 2.71336 0.986672 0.323487 0.972697 -0.109934 -1.26135 -22.7038 -40.1909 -0.258429 -0.344398 -8.3741 -389.434 -1.00362 -0.0777417 ;
-43.4635 102.899 201.415 8757.49 136.042 52.4778 15.473 51.9072 -6.45959 -74.8884 -1347.96 -2370.94 -12.5938 -21.701 -300.438 -16870.8 -48.1715 -3.88414 ;
-0.728176 3.82332 2.71336 136.042 6.04994 2.13673 0.632818 1.98344 -0.821953 -5.42865 -97.7102 -171.262 -1.27431 -2.81143 -4.16047 -306.379 -1.49434 -0.167046 ;
-8.87732 1.59244 0.986672 52.4778 2.13673 3.42749 0.350111 0.846643 -0.467599 -3.09983 -55.789 -76.2761 -0.00969865 -2.26024 -1.37655 -117.681 -0.600543 -0.0580832 ;
1.96379 0.461322 0.323487 15.473 0.632818 0.350111 0.461322 0.22722 -0.110292 -0.66992 -12.056 -19.6211 -0.235429 -0.385908 -0.511338 -35.244 -0.261772 -0.0163482 ;
1.79379 1.43514 0.972697 51.9072 1.98344 0.846643 0.22722 1.43514 -0.275093 -2.11133 -38.0021 -65.435 -0.114733 -0.929989 -1.38397 -119.483 -0.560752 -0.0480761 ;
-6.24323 -0.609076 -0.109934 -6.45959 -0.821953 -0.467599 -0.110292 -0.275093 0.880979 5.98453 107.717 190.943 1.68194 2.78525 -0.143368 -10.9536 -0.147765 -0.00371281 ;
-93.2935 -4.08703 -1.26135 -74.8884 -5.42865 -3.09983 -0.66992 -2.11133 5.98453 73.4726 1322.46 2351.1 11.1057 19.5886 -1.28065 -111.647 -1.10886 -0.0221585 ;
-1679.33 -73.5639 -22.7038 -1347.96 -97.7102 -55.789 -12.056 -38.0021 107.717 1322.46 23803.6 42319.8 199.902 352.57 -23.0516 -2009.41 -19.9583 -0.397343 ;
-3757.11 -128.869 -40.1909 -2370.94 -171.262 -76.2761 -19.6211 -65.435 190.943 2351.1 42319.8 82451.5 521.966 591.451 -40.2435 -3599.12 -36.0811 -0.0818039 ;
97.4326 -1.11189 -0.258429 -12.5938 -1.27431 -0.00969865 -0.235429 -0.114733 1.68194 11.1057 199.902 521.966 63.3015 2.86748 -0.338974 -18.7703 -0.382082 0 ;
-12.6007 -1.99602 -0.344398 -21.701 -2.81143 -2.26024 -0.385908 -0.929989 2.78525 19.5886 352.57 591.451 2.86748 11.9742 -0.357929 -34.1247 -0.468436 -0.0141456 ;
-24.9918 -3.29437 -8.3741 -300.438 -4.16047 -1.37655 -0.511338 -1.38397 -0.143368 -1.28065 -23.0516 -40.2435 -0.338974 -0.357929 18.0545 605.473 1.71829 0.14945 ;
-99.6557 -234.442 -389.434 -16870.8 -306.379 -117.681 -35.244 -119.483 -10.9536 -111.647 -2009.41 -3599.12 -18.7703 -34.1247 605.473 39706.4 121.493 10.4491 ;
0.954033 -1.16881 -1.00362 -48.1715 -1.49434 -0.600543 -0.261772 -0.560752 -0.147765 -1.10886 -19.9583 -36.0811 -0.382082 -0.468436 1.71829 121.493 1.31657 0.0407577 ;
0.62621 -0.079595 -0.0777417 -3.88414 -0.167046 -0.0580832 -0.0163482 -0.0480761 -0.00371281 -0.0221585 -0.397343 -0.0818039 0 -0.0141456 0.14945 10.4491 0.0407577 0.0833078 ;
]
+++++++++++++
Iter 15

Size = 18
Data size = 171
[ 957.881 7.38169 13.9423 -37.7135 -1.90898 -8.78778 1.95991 1.31848 -5.78793 -87.4398 -1573.96 -3496.25 95.8132 -11.044 -28.8405 -103.641 1.05753 0.66356 ;
7.38169 2.96172 2.18801 104.344 3.87628 1.61556 0.468027 1.45552 -0.617015 -4.13377 -74.4051 -130.152 -1.15061 -2.02177 -3.34392 -237.797 -1.18539 -0.0807717 ;
13.9423 2.18801 5.76656 203.883 2.75079 0.999475 0.328072 0.986861 -0.111242 -1.27389 -22.9296 -40.5009 -0.268828 -0.348613 -8.48964 -394.662 -1.01596 -0.0784342 ;
-37.7135 104.344 203.883 8868.49 137.892 53.2228 15.6957 52.6558 -6.53566 -75.6466 -1361.61 -2389.65 -13.0748 -21.9643 -304.146 -17098 -48.8144 -3.92068 ;
-1.90898 3.87628 2.75079 137.892 6.13114 2.16737 0.641766 2.01088 -0.832276 -5.48759 -98.771 -172.853 -1.31851 -2.84667 -4.2213 -310.631 -1.51514 -0.169498 ;
-8.78778 1.61556 0.999475 53.2228 2.16737 3.47735 0.355323 0.85892 -0.474244 -3.14627 -56.6247 -77.3474 -0.00993152 -2.29219 -1.39538 -119.354 -0.609275 -0.0589425 ;
1.95991 0.468027 0.328072 15.6957 0.641766 0.355323 0.468027 0.23048 -0.111875 -0.679331 -12.2253 -19.865 -0.24493 -0.391196 -0.519478 -35.749 -0.265481 -0.0165817 ;
1.31848 1.45552 0.986861 52.6558 2.01088 0.85892 0.23048 1.45552 -0.278474 -2.13377 -38.406 -66.0091 -0.118963 -0.941595 -1.40491 -121.216 -0.568923 -0.0488283 ;
-5.78793 -0.617015 -0.111242 -6.53566 -0.832276 -0.474244 -0.111875 -0.278474 0.892598 6.05277 108.945 192.83 1.73952 2.82136 -0.145476 -11.088 -0.149781 -0.00379005 ;
-87.4398 -4.13377 -1.27389 -75.6466 -5.48759 -3.14627 -0.679331 -2.13377 6.05277 74.1807 1335.21 2368.05 11.5177 19.8196 -1.29713 -112.778 -1.12222 -0.0227822 ;
-1573.96 -74.4051 -22.9296 -1361.61 -98.771 -56.6247 -12.2253 -38.406 108.945 1335.21 24033 42624.9 207.318 356.727 -23.3483 -2029.77 -20.1989 -0.40853 ;
-3496.25 -130.152 -40.5009 -2389.65 -172.853 -77.3474 -19.865 -66.0091 192.83 2368.05 42624.9 82911.2 541.33 597.576 -40.6729 -3627.18 -36.4749 -0.0833046 ;
95.8132 -1.15061 -0.268828 -13.0748 -1.31851 -0.00993152 -0.24493 -0.118963 1.73952 11.5177 207.318 541.33 66.5444 2.95754 -0.351504 -19.4228 -0.394931 0 ;
-11.044 -2.02177 -0.348613 -21.9643 -2.84667 -2.29219 -0.391196 -0.941595 2.82136 19.8196 356.727 597.576 2.95754 12.1305 -0.362955 -34.5439 -0.474547 -0.0144322 ;
