============== BHHH ===============

Size = 18
Data size = 171
[ 715237 3.89058 4.21457 -671.025 -13.6689 -5.55784 2.00215 0.762697 -7.25263 -403.668 -7266.03 -15487.2 51.1063 -19.0277 -38.7617 358.47 7.57279 -0.382608 ;
3.89058 0.00741089 0.00698998 0.31474 0.010234 0.00396043 0.0011348 0.00351348 -0.00163345 -0.00907935 -0.163428 -0.284332 -0.00244498 -0.00535589 -0.00930307 -0.595152 -0.00279797 -0.000183376 ;
4.21457 0.00698998 0.0270268 0.935029 0.00974227 0.00315213 0.000809864 0.00279213 -0.000228672 -0.00450602 -0.0811082 -0.130342 -0.000295543 -0.000879183 -0.0303062 -1.21398 -0.0029393 -0.000175615 ;
-671.025 0.31474 0.935029 38.2442 0.456064 0.150067 0.0403396 0.146342 -0.0139295 -0.280831 -5.05496 -8.3722 -0.0179222 -0.0551521 -1.0286 -50.9657 -0.140573 -0.0075371 ;
-13.6689 0.010234 0.00974227 0.456064 0.0175105 0.00526961 0.00165146 0.00495553 -0.00234895 -0.0130487 -0.234875 -0.401694 -0.00288468 -0.00825546 -0.0118424 -0.828696 -0.00375666 -0.000395144 ;
-5.55784 0.00396043 0.00315213 0.150067 0.00526961 0.00853526 0.000917541 0.00211225 -0.00119363 -0.00800589 -0.144104 -0.21464 -0.000213339 -0.00581983 -0.00394654 -0.286597 -0.00140466 -6.06219e-005 ;
2.00215 0.0011348 0.000809864 0.0403396 0.00165146 0.000917541 0.0011348 0.000506037 -0.000390636 -0.00142577 -0.0256632 -0.0468766 -0.00023179 -0.00135314 -0.0012502 -0.0799741 -0.0004813 -2.69174e-005 ;
0.762697 0.00351348 0.00279213 0.146342 0.00495553 0.00211225 0.000506037 0.00351348 -0.000732484 -0.00627028 -0.112864 -0.203085 6.31707e-005 -0.00267884 -0.00370229 -0.299414 -0.00131593 -0.00011132 ;
-7.25263 -0.00163345 -0.000228672 -0.0139295 -0.00234895 -0.00119363 -0.000390636 -0.000732484 0.00218844 0.0177854 0.320138 0.562808 0.00407592 0.00712222 -0.000216437 -0.0278535 -0.000375074 -2.77329e-005 ;
-403.668 -0.00907935 -0.00450602 -0.280831 -0.0130487 -0.00800589 -0.00142577 -0.00627028 0.0177854 0.670824 12.0748 21.7958 0.0200254 0.0689849 -0.00447983 -0.630087 -0.0065759 -0.00101032 ;
-7266.03 -0.163428 -0.0811082 -5.05496 -0.234875 -0.144104 -0.0256632 -0.112864 0.320138 12.0748 217.347 392.325 0.360458 1.24173 -0.080637 -11.3417 -0.118367 -0.0181864 ;
-15487.2 -0.284332 -0.130342 -8.3722 -0.401694 -0.21464 -0.0468766 -0.203085 0.562808 21.7958 392.325 754.065 0.941196 2.0811 -0.120358 -16.7241 -0.230744 -0.00702885 ;
51.1063 -0.00244498 -0.000295543 -0.0179222 -0.00288468 -0.000213339 -0.00023179 6.31707e-005 0.00407592 0.0200254 0.360458 0.941196 0.0988893 0.00746783 -0.000441223 -0.0542336 -0.00141305 0 ;
-19.0277 -0.00535589 -0.000879183 -0.0551521 -0.00825546 -0.00581983 -0.00135314 -0.00267884 0.00712222 0.0689849 1.24173 2.0811 0.00746783 0.0314319 -0.000789508 -0.104935 -0.00125974 -0.000110555 ;
-38.7617 -0.00930307 -0.0303062 -1.0286 -0.0118424 -0.00394654 -0.0012502 -0.00370229 -0.000216437 -0.00447983 -0.080637 -0.120358 -0.000441223 -0.000789508 0.0657761 1.801 0.0042516 0.000438452 ;
358.47 -0.595152 -1.21398 -50.9657 -0.828696 -0.286597 -0.0799741 -0.299414 -0.0278535 -0.630087 -11.3417 -16.7241 -0.0542336 -0.104935 1.801 100.507 0.283269 0.0271752 ;
7.57279 -0.00279797 -0.0029393 -0.140573 -0.00375666 -0.00140466 -0.0004813 -0.00131593 -0.000375074 -0.0065759 -0.118367 -0.230744 -0.00141305 -0.00125974 0.0042516 0.283269 0.00317305 5.50777e-005 ;
-0.382608 -0.000183376 -0.000175615 -0.0075371 -0.000395144 -6.06219e-005 -2.69174e-005 -0.00011132 -2.77329e-005 -0.00101032 -0.0181864 -0.00702885 0 -0.000110555 0.000438452 0.0271752 5.50777e-005 0.000211109 ;
]

============== Hessian ===============

Size = 18
Data size = 171
[ 384394 9.15856 14.9073 -22.1827 -2.72061 -7.21594 2.52051 1.45044 -5.72532 -88.0026 -1584.14 -3518.16 97.9908 -11.0007 -29.5542 -130.997 1.56807 0.752249 ;
9.15856 0.00779819 0.00576865 0.274327 0.0101957 0.00425402 0.00123511 0.00382695 -0.00162294 -0.0108765 -0.195776 -0.342532 -0.0029541 -0.00532099 -0.00884084 -0.625505 -0.00311578 -0.000213701 ;
14.9073 0.00576865 0.0153661 0.539902 0.00725149 0.00261921 0.000864065 0.00259407 -0.000291963 -0.00334204 -0.0601565 -0.106257 -0.0006824 -0.000916341 -0.0227592 -1.04371 -0.00267501 -0.000210067 ;
-22.1827 0.274327 0.539902 23.3843 0.362346 0.139408 0.0411997 0.138106 -0.0172021 -0.199188 -3.58537 -6.2933 -0.0333541 -0.0578511 -0.810746 -45.0156 -0.128177 -0.0105201 ;
-2.72061 0.0101957 0.00725149 0.362346 0.0160953 0.00570118 0.00168966 0.00528112 -0.0021878 -0.0144254 -0.259655 -0.454637 -0.00338046 -0.0074837 -0.0111401 -0.816083 -0.00397674 -0.000448547 ;
-7.21594 0.00425402 0.00261921 0.139408 0.00570118 0.00916064 0.000935355 0.00225809 -0.00124918 -0.00829052 -0.149224 -0.204277 -2.48933e-005 -0.00603532 -0.0036566 -0.313335 -0.00160089 -0.000156707 ;
2.52051 0.00123511 0.000864065 0.0411997 0.00168966 0.000935355 0.00123511 0.000606435 -0.000294849 -0.0017906 -0.032229 -0.0525037 -0.000630144 -0.00102993 -0.0013764 -0.094085 -0.000698222 -4.40193e-005 ;
1.45044 0.00382695 0.00259407 0.138106 0.00528112 0.00225809 0.000606435 0.00382695 -0.000732687 -0.00561617 -0.10109 -0.173931 -0.000303446 -0.00247743 -0.00368651 -0.318172 -0.00149356 -0.000128897 ;
-5.72532 -0.00162294 -0.000291963 -0.0172021 -0.0021878 -0.00124918 -0.000294849 -0.000732687 0.00235272 0.0159587 0.287255 0.508627 0.00448961 0.00743625 -0.00038565 -0.0293302 -0.00039583 -9.60012e-006 ;
-88.0026 -0.0108765 -0.00334204 -0.199188 -0.0144254 -0.00829052 -0.0017906 -0.00561617 0.0159587 0.19565 3.52168 6.24881 0.0294944 0.0522598 -0.00343474 -0.298506 -0.00296808 -5.6099e-005 ;
-1584.14 -0.195776 -0.0601565 -3.58537 -0.259655 -0.149224 -0.032229 -0.10109 0.287255 3.52168 63.3899 112.479 0.530899 0.940662 -0.0618254 -5.37299 -0.0534248 -0.00100905 ;
-3518.16 -0.342532 -0.106257 -6.2933 -0.454637 -0.204277 -0.0525037 -0.173931 0.508627 6.24881 112.479 218.733 1.38624 1.57715 -0.107738 -9.61782 -0.0965124 -0.000221404 ;
97.9908 -0.0029541 -0.0006824 -0.0333541 -0.00338046 -2.48933e-005 -0.000630144 -0.000303446 0.00448961 0.0294944 0.530899 1.38624 0.168724 0.00762623 -0.000915591 -0.0504025 -0.00102712 0 ;
-11.0007 -0.00532099 -0.000916341 -0.0578511 -0.0074837 -0.00603532 -0.00102993 -0.00247743 0.00743625 0.0522598 0.940662 1.57715 0.00762623 0.0319665 -0.000960127 -0.0911999 -0.00125229 -3.57463e-005 ;
-29.5542 -0.00884084 -0.0227592 -0.810746 -0.0111401 -0.0036566 -0.0013764 -0.00368651 -0.00038565 -0.00343474 -0.0618254 -0.107738 -0.000915591 -0.000960127 0.0494993 1.63101 0.00457961 0.000406069 ;
-130.997 -0.625505 -1.04371 -45.0156 -0.816083 -0.313335 -0.094085 -0.318172 -0.0293302 -0.298506 -5.37299 -9.61782 -0.0504025 -0.0911999 1.63101 105.901 0.323476 0.0280878 ;
1.56807 -0.00311578 -0.00267501 -0.128177 -0.00397674 -0.00160089 -0.000698222 -0.00149356 -0.00039583 -0.00296808 -0.0534248 -0.0965124 -0.00102712 -0.00125229 0.00457961 0.323476 0.00351161 0.00010975 ;
0.752249 -0.000213701 -0.000210067 -0.0105201 -0.000448547 -0.000156707 -4.40193e-005 -0.000128897 -9.60012e-006 -5.6099e-005 -0.00100905 -0.000221404 0 -3.57463e-005 0.000406069 0.0280878 0.00010975 0.000223301 ;
]

