============== BHHH ===============

Size = 18
Data size = 171
[ 561950 3.8846 4.19121 -671.408 -13.6863 -5.53599 1.99666 0.754623 -38.7706 358.742 7.58284 -0.370403 -7.24716 -404.092 -7273.67 -15500.9 51.1147 -19.0374 ;
3.8846 0.00943879 0.00890312 0.400874 0.0130344 0.00504422 0.00144529 0.00447494 -0.0118493 -0.758031 -0.00356358 -0.000233535 -0.00208045 -0.011564 -0.208151 -0.362132 -0.00311408 -0.0068216 ;
4.19121 0.00890312 0.0344277 1.19099 0.0124087 0.00401468 0.00103146 0.00355615 -0.0386098 -1.54639 -0.00374373 -0.000223704 -0.000291248 -0.00573911 -0.103304 -0.166008 -0.000376441 -0.00111979 ;
-671.408 0.400874 1.19099 48.7113 0.580878 0.19113 0.0513774 0.186389 -1.31023 -64.9173 -0.179043 -0.0096029 -0.0177412 -0.357687 -6.43835 -10.6632 -0.0228273 -0.0702452 ;
-13.6863 0.0130344 0.0124087 0.580878 0.0223024 0.00671175 0.00210329 0.00631176 -0.0150835 -1.0555 -0.00478458 -0.000503257 -0.00299175 -0.0166194 -0.299147 -0.511605 -0.00367406 -0.0105146 ;
-5.53599 0.00504422 0.00401468 0.19113 0.00671175 0.0108709 0.00116859 0.00269023 -0.00502629 -0.365024 -0.00178899 -7.724e-005 -0.00152033 -0.0101971 -0.183544 -0.27338 -0.000271724 -0.00741279 ;
1.99666 0.00144529 0.00103146 0.0513774 0.00210329 0.00116859 0.00144529 0.00064452 -0.00159223 -0.101851 -0.00061296 -3.42496e-005 -0.000497547 -0.00181591 -0.0326854 -0.0597014 -0.000295255 -0.00172345 ;
0.754623 0.00447494 0.00355615 0.186389 0.00631176 0.00269023 0.00064452 0.00447494 -0.00471512 -0.381351 -0.00167605 -0.000141835 -0.000932931 -0.00798579 -0.143743 -0.258646 8.04678e-005 -0.00341188 ;
-38.7706 -0.0118493 -0.0386098 -1.31023 -0.0150835 -0.00502629 -0.00159223 -0.00471512 0.0837978 2.29416 0.00541497 0.000558248 -0.000275678 -0.00570561 -0.102701 -0.153291 -0.000561866 -0.00100552 ;
358.742 -0.758031 -1.54639 -64.9173 -1.0555 -0.365024 -0.101851 -0.381351 2.29416 128.024 0.360786 0.0346199 -0.0354744 -0.802465 -14.4445 -21.3003 -0.0690723 -0.133642 ;
7.58284 -0.00356358 -0.00374373 -0.179043 -0.00478458 -0.00178899 -0.00061296 -0.00167605 0.00541497 0.360786 0.00404132 7.01224e-005 -0.00047774 -0.00837539 -0.150758 -0.293887 -0.0017997 -0.00160453 ;
-0.370403 -0.000233535 -0.000223704 -0.0096029 -0.000503257 -7.724e-005 -3.42496e-005 -0.000141835 0.000558248 0.0346199 7.01224e-005 0.000268846 -3.53108e-005 -0.0012865 -0.023158 -0.00895056 0 -0.00014075 ;
-7.24716 -0.00208045 -0.000291248 -0.0177412 -0.00299175 -0.00152033 -0.000497547 -0.000932931 -0.000275678 -0.0354744 -0.00047774 -3.53108e-005 0.00278738 0.0226521 0.407737 0.716808 0.00519132 0.00907134 ;
-404.092 -0.011564 -0.00573911 -0.357687 -0.0166194 -0.0101971 -0.00181591 -0.00798579 -0.00570561 -0.802465 -0.00837539 -0.0012865 0.0226521 0.854381 15.3789 27.7598 0.0255053 0.087862 ;
-7273.67 -0.208151 -0.103304 -6.43835 -0.299147 -0.183544 -0.0326854 -0.143743 -0.102701 -14.4445 -0.150758 -0.023158 0.407737 15.3789 276.819 499.676 0.459095 1.58152 ;
-15500.9 -0.362132 -0.166008 -10.6632 -0.511605 -0.27338 -0.0597014 -0.258646 -0.153291 -21.3003 -0.293887 -0.00895056 0.716808 27.7598 499.676 960.399 1.19875 2.65057 ;
51.1147 -0.00311408 -0.000376441 -0.0228273 -0.00367406 -0.000271724 -0.000295255 8.04678e-005 -0.000561866 -0.0690723 -0.0017997 0 0.00519132 0.0255053 0.459095 1.19875 0.125949 0.0095117 ;
-19.0374 -0.0068216 -0.00111979 -0.0702452 -0.0105146 -0.00741279 -0.00172345 -0.00341188 -0.00100552 -0.133642 -0.00160453 -0.00014075 0.00907134 0.087862 1.58152 2.65057 0.0095117 0.0400337 ;
]

============== Hessian ===============

Size = 18
Data size = 171
[ 301778 9.15098 14.8788 -22.2509 -2.74399 -7.18129 2.5051 1.43054 -29.5497 -130.905 1.58808 0.776637 -5.7044 -87.996 -1584.03 -3518.37 98.0089 -10.9811 ;
9.15098 0.00993266 0.00734784 0.349426 0.0129866 0.00541865 0.00157305 0.00487445 -0.0112611 -0.796744 -0.00396858 -0.000272375 -0.00206685 -0.0138526 -0.249345 -0.436259 -0.00376266 -0.00677682 ;
14.8788 0.00734784 0.0195735 0.687725 0.00923675 0.00333656 0.00110059 0.00330422 -0.0289886 -1.32945 -0.00340739 -0.000267712 -0.000371847 -0.0042568 -0.0766221 -0.135343 -0.000869352 -0.00116713 ;
-22.2509 0.349426 0.687725 29.7865 0.461549 0.177585 0.0524773 0.175913 -1.03269 -57.34 -0.163265 -0.0134059 -0.0219088 -0.253706 -4.56669 -8.01593 -0.0424912 -0.073684 ;
-2.74399 0.0129866 0.00923675 0.461549 0.0205013 0.00726218 0.00215196 0.00672673 -0.01419 -1.03951 -0.00506521 -0.000571623 -0.00278623 -0.0183728 -0.330706 -0.579041 -0.00430589 -0.00953135 ;
-7.18129 0.00541865 0.00333656 0.177585 0.00726218 0.0116686 0.00119136 0.00287628 -0.00465829 -0.399138 -0.00203911 -0.000199624 -0.001591 -0.01056 -0.190073 -0.260187 -3.17269e-005 -0.00768708 ;
2.5051 0.00157305 0.00110059 0.0524773 0.00215196 0.00119136 0.00157305 0.000772363 -0.00175308 -0.119832 -0.000889264 -5.60706e-005 -0.000375491 -0.0022805 -0.0410466 -0.0668654 -0.00080254 -0.00131178 ;
1.43054 0.00487445 0.00330422 0.175913 0.00672673 0.00287628 0.000772363 0.00487445 -0.00469583 -0.405274 -0.00190236 -0.000164333 -0.000933089 -0.00715275 -0.128748 -0.221519 -0.000386526 -0.00315529 ;
-29.5497 -0.0112611 -0.0289886 -1.03269 -0.01419 -0.00465829 -0.00175308 -0.00469583 0.0630443 2.07749 0.00583331 0.000517409 -0.000491173 -0.00437489 -0.0787481 -0.137229 -0.00116624 -0.00122297 ;
-130.905 -0.796744 -1.32945 -57.34 -1.03951 -0.399138 -0.119832 -0.405274 2.07749 134.894 0.412016 0.0357914 -0.0373583 -0.380235 -6.84406 -12.2509 -0.0642044 -0.116175 ;
1.58808 -0.00396858 -0.00340739 -0.163265 -0.00506521 -0.00203911 -0.000889264 -0.00190236 0.00583331 0.412016 0.00447271 0.00013989 -0.000504127 -0.0037803 -0.0680445 -0.122921 -0.00130821 -0.00159504 ;
0.776637 -0.000272375 -0.000267712 -0.0134059 -0.000571623 -0.000199624 -5.60706e-005 -0.000164333 0.000517409 0.0357914 0.00013989 0.000284619 -1.22446e-005 -7.15685e-005 -0.00128724 -0.00028209 0 -4.56072e-005 ;
-5.7044 -0.00206685 -0.000371847 -0.0219088 -0.00278623 -0.001591 -0.000375491 -0.000933089 -0.000491173 -0.0373583 -0.000504127 -1.22446e-005 0.00299632 0.0203259 0.365863 0.647813 0.00571839 0.00947113 ;
-87.996 -0.0138526 -0.0042568 -0.253706 -0.0183728 -0.01056 -0.0022805 -0.00715275 -0.00437489 -0.380235 -0.0037803 -7.15685e-005 0.0203259 0.249208 4.48572 7.9595 0.0375743 0.0665653 ;
-1584.03 -0.249345 -0.0766221 -4.56669 -0.330706 -0.190073 -0.0410466 -0.128748 -0.0787481 -6.84406 -0.0680445 -0.00128724 0.365863 4.48572 80.7426 143.271 0.676338 1.19815 ;
-3518.37 -0.436259 -0.135343 -8.01593 -0.579041 -0.260187 -0.0668654 -0.221519 -0.137229 -12.2509 -0.122921 -0.00028209 0.647813 7.9595 143.271 278.618 1.76599 2.00885 ;
98.0089 -0.00376266 -0.000869352 -0.0424912 -0.00430589 -3.17269e-005 -0.00080254 -0.000386526 -0.00116624 -0.0642044 -0.00130821 0 0.00571839 0.0375743 0.676338 1.76599 0.214936 0.00971434 ;
-10.9811 -0.00677682 -0.00116713 -0.073684 -0.00953135 -0.00768708 -0.00131178 -0.00315529 -0.00122297 -0.116175 -0.00159504 -4.56072e-005 0.00947113 0.0665653 1.19815 2.00885 0.00971434 0.0407156 ;
]

