Iter 0

Size = 18
Data size = 171
[ 28431.3 1400.97 1342.79 67468.4 2323.05 948.71 433.851 672.096 2136.14 153995 505.609 96.1771 -2378.42 -184145 -3.31432e+006 -5.72881e+006 -178433 -6216.75 ;
1400.97 239.883 110.197 5976.81 371.429 146.14 71.3718 103.173 -69.7144 -4164.84 -36.7541 -3.24911 -173.492 -3966.59 -71391.1 -120816 -3400.36 -478.22 ;
1342.79 110.197 97.1864 4483.42 176.376 61.1033 38.1809 49.5014 -44.6396 -2246.77 -13.0445 -1.48357 -85.4898 -3498.91 -62976.8 -109431 -3205.47 -208.86 ;
67468.4 5976.81 4483.42 243418 9895.53 3642.37 1935.04 2761.85 -1935.91 -117714 -696.227 -78.2857 -4682.64 -183243 -3.29818e+006 -5.57234e+006 -138444 -12307.4 ;
2323.05 371.429 176.376 9895.53 678.223 237.285 113.866 170.946 -102.869 -6449.69 -51.7543 -7.36665 -274.253 -6874.14 -123719 -204818 -4675.97 -798.982 ;
948.71 146.14 61.1033 3642.37 237.285 323.524 64.0648 64.2968 -23.0102 -1805.42 -15.8915 -2.32802 -119.818 -2667.95 -48008.4 -60971.6 -49.1651 -531.423 ;
433.851 71.3718 38.1809 1935.04 113.866 64.0648 71.3718 30.766 -23.6201 -1363.9 -13.1762 -0.896294 -53.7148 -1412.98 -25429.7 -40111.5 -1104.77 -155.24 ;
672.096 103.173 49.5014 2761.85 170.946 64.2968 30.766 103.173 -26.3603 -1820.33 -13.6866 -1.90673 -76.2771 -1897.98 -34158.7 -53195.5 -257.251 -220.11 ;
2136.14 -69.7144 -44.6396 -1935.91 -102.869 -23.0102 -23.6201 -26.3603 1027.45 27087.9 112.553 7.94029 -151.979 -10206.2 -183685 -325335 -15315.5 -306.525 ;
153995 -4164.84 -2246.77 -117714 -6449.69 -1805.42 -1363.9 -1820.33 27087.9 1.74656e+006 7260.08 1168.03 -9780.58 -635468 -1.14345e+007 -1.89106e+007 -706267 -23245.4 ;
505.609 -36.7541 -13.0445 -696.227 -51.7543 -15.8915 -13.1762 -13.6866 112.553 7260.08 90.6641 4.74235 -53.9101 -2176.08 -39155.9 -66429.9 -2795.07 -135.123 ;
96.1771 -3.24911 -1.48357 -78.2857 -7.36665 -2.32802 -0.896294 -1.90673 7.94029 1168.03 4.74235 9.94691 -6.6978 -424.219 -7604.59 -1759.4 0 -27.2535 ;
-2378.42 -173.492 -85.4898 -4682.64 -274.253 -119.818 -53.7148 -76.2771 -151.979 -9780.58 -53.9101 -6.6978 277.6 8120.68 146133 247462 8004.84 728.19 ;
-184145 -3966.59 -3498.91 -183243 -6874.14 -2667.95 -1412.98 -1897.98 -10206.2 -635468 -2176.08 -424.219 8120.68 656907 1.18232e+007 2.03633e+007 644854 20323.5 ;
-3.31432e+006 -71391.1 -62976.8 -3.29818e+006 -123719 -48008.4 -25429.7 -34158.7 -183685 -1.14345e+007 -39155.9 -7604.59 146133 1.18232e+007 2.12799e+008 3.66541e+008 1.16074e+007 365626 ;
-5.72881e+006 -120816 -109431 -5.57234e+006 -204818 -60971.6 -40111.5 -53195.5 -325335 -1.89106e+007 -66429.9 -1759.4 247462 2.03633e+007 3.66541e+008 7.54972e+008 3.03081e+007 549650 ;
-178433 -3400.36 -3205.47 -138444 -4675.97 -49.1651 -1104.77 -257.251 -15315.5 -706267 -2795.07 0 8004.84 644854 1.16074e+007 3.03081e+007 5.61857e+006 8420.48 ;
-6216.75 -478.22 -208.86 -12307.4 -798.982 -531.423 -155.24 -220.11 -306.525 -23245.4 -135.123 -27.2535 728.19 20323.5 365626 549650 8420.48 2785.81 ;
]
+++++++++++++
Iter 1

Size = 18
Data size = 171
[ 1715.73 487.141 515.482 23076.6 705.958 366.317 91.9194 239.579 -608.209 -6878.95 22.1685 8.36069 -533.071 -14640 -263429 -412393 -10280.6 -1678.39 ;
487.141 276.12 187.128 9452.2 388.263 164.08 53.5296 132.035 -274.607 -17200.7 -77.394 -4.96187 -118.604 -1865.66 -33576.5 -55138.1 -1443.26 -369.045 ;
515.482 187.128 312.815 12893.3 260.509 98.2081 35.065 88.381 -475.725 -25436.6 -61.5251 -2.98838 -45.5908 -1248.57 -22471.8 -36675 -994.428 -133.947 ;
23076.6 9452.2 12893.3 632004 13628.7 5543.19 1712.19 4795.31 -19129.8 -1.1902e+006 -3207.11 -157.833 -2554.7 -67888.4 -1.22186e+006 -1.94843e+006 -43065.4 -8036.76 ;
705.958 388.263 260.509 13628.7 652.833 241.326 78.5686 196.923 -393.634 -24573.3 -106.317 -10.6764 -168.143 -2679.56 -48221.2 -77151.7 -1657.34 -553.088 ;
366.317 164.08 98.2081 5543.19 241.326 359.353 44.6984 84.2337 -119.995 -8517.19 -38.6219 -3.40829 -91.4088 -1544.95 -27798.5 -35217.1 -41.0314 -434.314 ;
91.9194 53.5296 35.065 1712.19 78.5686 44.6984 53.5296 25.3643 -58.1157 -3141.53 -20.1085 -1.10465 -24.6933 -341.296 -6140.56 -9262.67 -302.587 -79.527 ;
239.579 132.035 88.381 4795.31 196.923 84.2337 25.3643 132.035 -119.026 -8600.3 -35.0702 -3.09761 -55.2683 -975.256 -17550.9 -26659.2 -147.931 -182.779 ;
-608.209 -274.607 -475.725 -19129.8 -393.634 -119.995 -58.1157 -119.026 1611.61 53396.6 150.383 4.06911 -57.5782 -1415.42 -25465.1 -40723.4 -1531.86 -141.525 ;
-6878.95 -17200.7 -25436.6 -1.1902e+006 -24573.3 -8517.19 -3141.53 -8600.3 53396.6 3.36098e+006 9929.45 718.842 -3791.55 -100907 -1.81458e+006 -2.84515e+006 -77376 -11031.9 ;
22.1685 -77.394 -61.5251 -3207.11 -106.317 -38.6219 -20.1085 -35.0702 150.383 9929.45 106.254 3.2294 -28.8599 -446.022 -8022.17 -13264.1 -406.162 -83.3535 ;
8.36069 -4.96187 -2.98838 -157.833 -10.6764 -3.40829 -1.10465 -3.09761 4.06911 718.842 3.2294 6.99924 -2.03737 -40.5109 -716.294 -67.2271 0 -8.65921 ;
-533.071 -118.604 -45.5908 -2554.7 -168.143 -91.4088 -24.6933 -55.2683 -57.5782 -3791.55 -28.8599 -2.03737 173.135 2824.3 50819.1 83197.6 2305.92 520.985 ;
-14640 -1865.66 -1248.57 -67888.4 -2679.56 -1544.95 -341.296 -975.256 -1415.42 -100907 -446.022 -40.5109 2824.3 84736.5 1.52483e+006 2.39455e+006 56366.3 8764.78 ;
-263429 -33576.5 -22471.8 -1.22186e+006 -48221.2 -27798.5 -6140.56 -17550.9 -25465.1 -1.81458e+006 -8022.17 -716.294 50819.1 1.52483e+006 2.74397e+007 4.31024e+007 1.01459e+006 157666 ;
-412393 -55138.1 -36675 -1.94843e+006 -77151.7 -35217.1 -9262.67 -26659.2 -40723.4 -2.84515e+006 -13264.1 -67.2271 83197.6 2.39455e+006 4.31024e+007 7.94251e+007 2.64922e+006 237446 ;
-10280.6 -1443.26 -994.428 -43065.4 -1657.34 -41.0314 -302.587 -147.931 -1531.86 -77376 -406.162 0 2305.92 56366.3 1.01459e+006 2.64922e+006 584797 3164.95 ;
-1678.39 -369.045 -133.947 -8036.76 -553.088 -434.314 -79.527 -182.779 -141.525 -11031.9 -83.3535 -8.65921 520.985 8764.78 157666 237446 3164.95 2181.74 ;
]
+++++++++++++
Iter 2

Size = 18
Data size = 171
[ 376.149 132.831 153.788 4562.73 198.529 116.592 26.8854 56.1875 -427.57 3725.51 37.5805 8.11707 -206.27 -3923.52 -70571.3 -108697 -2708.19 -676.998 ;
132.831 255.06 183.48 8994.59 342.079 146.976 43.6197 124.476 -278.041 -17727.7 -82.7734 -5.93942 -88.028 -1002.55 -18041.1 -29717.7 -780.793 -281.679 ;
153.788 183.48 374.277 14764.6 236.781 90.2077 30.3871 85.7156 -540.371 -29054.2 -70.5544 -3.88027 -25.6079 -492.792 -8868.12 -14513.5 -405.176 -77.3866 ;
4562.73 8994.59 14764.6 692198 11996.4 4989.65 1485.63 4589.51 -20634.1 -1.31143e+006 -3578.8 -201.203 -1465.82 -27742.4 -499242 -797340 -17602.3 -4772.61 ;
198.529 342.079 236.781 11996.4 555.057 204.308 62.0463 176.218 -375.503 -23506.6 -108.329 -12.424 -120.817 -1369.2 -24636 -39826.6 -881.737 -406.358 ;
116.592 146.976 90.2077 4989.65 204.308 317.835 36.5093 77.0051 -117.639 -8753.63 -41.6485 -3.87091 -68.7398 -831.732 -14962.1 -19091.9 -14.5441 -329.884 ;
26.8854 43.6197 30.3871 1485.63 62.0463 36.5093 43.6197 21.4765 -51.3183 -2793.03 -19.3001 -1.20246 -17.0037 -172.469 -3102.16 -4631.58 -157.703 -57.1566 ;
56.1875 124.476 85.7156 4589.51 176.218 77.0051 21.4765 124.476 -118.437 -9006.44 -39.116 -3.90733 -40.8986 -530.743 -9549.86 -14724.8 -92.5886 -138.032 ;
-427.57 -278.041 -540.371 -20634.1 -375.503 -117.639 -51.3183 -118.437 1575.52 50158.5 141.525 4.23746 -29.6189 -448.659 -8068.88 -12759.4 -431.789 -73.2321 ;
3725.51 -17727.7 -29054.2 -1.31143e+006 -23506.6 -8753.63 -2793.03 -9006.44 50158.5 3.14474e+006 9404.25 722.154 -1862.31 -31844.7 -572146 -884187 -21525 -5630.78 ;
37.5805 -82.7734 -70.5544 -3578.8 -108.329 -41.6485 -19.3001 -39.116 141.525 9404.25 102.215 3.34489 -19.4419 -213.895 -3846.33 -6418.99 -203.68 -58.1359 ;
8.11707 -5.93942 -3.88027 -201.203 -12.424 -3.87091 -1.20246 -3.90733 4.23746 722.154 3.34489 7.25897 -1.31955 -21.2386 -374.603 -32.5919 0 -5.48892 ;
-206.27 -88.028 -25.6079 -1465.82 -120.817 -68.7398 -17.0037 -40.8986 -29.6189 -1862.31 -19.4419 -1.31955 122.937 1404.41 25266.9 41509.4 1112.58 381.224 ;
-3923.52 -1002.55 -492.792 -27742.4 -1369.2 -831.732 -172.469 -530.743 -448.659 -31844.7 -213.895 -21.2386 1404.41 28553.1 513680 806924 17851.1 4520.33 ;
-70571.3 -18041.1 -8868.12 -499242 -24636 -14962.1 -3102.16 -9549.86 -8068.88 -572146 -3846.33 -374.603 25266.9 513680 9.24164e+006 1.4525e+007 321320 81296.1 ;
-108697 -29717.7 -14513.5 -797340 -39826.6 -19091.9 -4631.58 -14724.8 -12759.4 -884187 -6418.99 -32.5919 41509.4 806924 1.4525e+007 2.68074e+007 839002 123886 ;
-2708.19 -780.793 -405.176 -17602.3 -881.737 -14.5441 -157.703 -92.5886 -431.789 -21525 -203.68 0 1112.58 17851.1 321320 839002 175164 1532.03 ;
-676.998 -281.679 -77.3866 -4772.61 -406.358 -329.884 -57.1566 -138.032 -73.2321 -5630.78 -58.1359 -5.48892 381.224 4520.33 81296.1 123886 1532.03 1626.72 ;
]
+++++++++++++
Iter 3

Size = 18
Data size = 171
[ 150.112 36.9083 95.192 1217.32 67.6437 35.5719 9.81933 5.19161 -492.497 202.277 14.6359 5.17362 -66.3957 -998.327 -17951.7 -27081.2 -717.77 -230.62 ;
36.9083 248.231 183.787 8943.3 328.576 139.746 40.7867 122.003 -301.03 -19306.9 -91.7357 -6.19151 -64.6284 -552.891 -9949.44 -16579 -407.579 -211.54 ;
95.192 183.787 388.858 15312.2 234.617 88.1073 30.0641 85.7515 -570.319 -30919.6 -76.4445 -4.04363 -14.5388 -208.832 -3758.04 -6226.18 -164.492 -45.3237 ;
1217.32 8943.3 15312.2 713783 11782.5 4833.4 1457.46 4571.44 -21853 -1.3989e+006 -3884.2 -210.384 -844.481 -12101.3 -217767 -353273 -7249.53 -2836.77 ;
67.6437 328.576 234.617 11782.5 528.226 191.045 57.4175 170.33 -402.624 -25365.7 -118.679 -12.9419 -87.9295 -742.176 -13354 -21995.2 -467.883 -301.398 ;
35.5719 139.746 88.1073 4833.4 191.045 300.222 32.9667 73.9328 -129.857 -9716.31 -47.4036 -4.19544 -51.3691 -463.334 -8334.62 -10781.3 -4.25799 -248.843 ;
9.81933 40.7867 30.0641 1457.46 57.4175 32.9667 40.7867 20.3077 -54.4454 -3008.58 -20.8369 -1.26761 -12.261 -96.1129 -1728.57 -2610.56 -86.287 -42.5449 ;
5.19161 122.003 85.7515 4571.44 170.33 73.9328 20.3077 122.003 -129.674 -9880.25 -43.9302 -4.06432 -29.2701 -284.334 -5116.23 -8098.94 -50.241 -100.285 ;
-492.497 -301.03 -570.319 -21853 -402.624 -129.857 -54.4454 -129.674 1652.37 52612.9 148.706 3.86094 -20.2578 -225.636 -4059.07 -6478.49 -196.869 -49.9244 ;
202.277 -19306.9 -30919.6 -1.3989e+006 -25365.7 -9716.31 -3008.58 -9880.25 52612.9 3.31384e+006 9889.97 706.68 -1216.09 -15434.3 -277330 -439800 -9102.95 -3776.98 ;
14.6359 -91.7357 -76.4445 -3884.2 -118.679 -47.4036 -20.8369 -43.9302 148.706 9889.97 106.7 3.21966 -14.9647 -132.873 -2390.01 -4062.62 -114.64 -46.2712 ;
5.17362 -6.19151 -4.04363 -210.384 -12.9419 -4.19544 -1.26761 -4.06432 3.86094 706.68 3.21966 6.97064 -0.779133 -9.62558 -169.79 -15.3179 0 -3.21696 ;
-66.3957 -64.6284 -14.5388 -844.481 -87.9295 -51.3691 -12.261 -29.2701 -20.2578 -1216.09 -14.9647 -0.779133 91.2555 783.609 14098.9 23514.4 578.926 288.986 ;
-998.327 -552.891 -208.832 -12101.3 -742.176 -463.334 -96.1129 -284.334 -225.636 -15434.3 -132.873 -9.62558 783.609 11928.3 214589 344498 6840.72 2588.93 ;
-17951.7 -9949.44 -3758.04 -217767 -13354 -8334.62 -1728.57 -5116.23 -4059.07 -277330 -2390.01 -169.79 14098.9 214589 3.86059e+006 6.20111e+006 123133 46565.9 ;
-27081.2 -16579 -6226.18 -353273 -21995.2 -10781.3 -2610.56 -8098.94 -6478.49 -439800 -4062.62 -15.3179 23514.4 344498 6.20111e+006 1.15165e+007 321514 72671.9 ;
-717.77 -407.579 -164.492 -7249.53 -467.883 -4.25799 -86.287 -50.241 -196.869 -9102.95 -114.64 0 578.926 6840.72 123133 321514 65102.3 843.849 ;
-230.62 -211.54 -45.3237 -2836.77 -301.398 -248.843 -42.5449 -100.285 -49.9244 -3776.98 -46.2712 -3.21696 288.986 2588.93 46565.9 72671.9 843.849 1250.15 ;
]
+++++++++++++
Iter 4

Size = 18
Data size = 171
[ 34.4456 8.75197 40.1237 483.367 25.0947 13.313 1.08021 2.80594 -150.119 -531.588 1.81001 0.791017 -20.7591 -329.86 -5934.81 -10102.2 -131.125 -66.1463 ;
8.75197 214.017 157.957 7653.59 282.64 119.817 33.7778 105.867 -242.009 -17187.1 -84.1794 -5.4227 -47.8948 -355.365 -6395.85 -11061.8 -197.283 -155.764 ;
40.1237 157.957 374.645 13665.3 199.144 74.773 24.2545 73.0433 -543.737 -27394.6 -69.775 -3.73911 -9.65761 -121.821 -2192.59 -3819.42 -66.6101 -29.7631 ;
483.367 7653.59 13665.3 613600 10119.3 4098.3 1189.69 3934.42 -19131.6 -1.21767e+006 -3483.07 -186.573 -553.783 -6986.82 -125751 -215926 -2949.56 -1843.64 ;
25.0947 282.64 199.144 10119.3 453.696 163.287 47.2879 147.668 -311.132 -22655.8 -108.932 -11.3669 -64.6863 -473.57 -8522.83 -14684.4 -229.679 -220.618 ;
13.313 119.817 74.773 4098.3 163.287 258.38 27.1484 63.8805 -107.416 -8935.63 -44.7342 -3.96755 -36.9569 -278.976 -5019.76 -6701.37 -2.29497 -179.015 ;
1.08021 33.7778 24.2545 1189.69 47.2879 27.1484 33.7778 16.8791 -38.8474 -2614.21 -18.996 -1.17226 -8.68149 -58.8851 -1059.38 -1683.9 -41.5382 -30.1538 ;
2.80594 105.867 73.0433 3934.42 147.668 63.8805 16.8791 105.867 -106.188 -8878.52 -40.7663 -3.41503 -21.4148 -180.342 -3245.72 -5409.43 -22.9525 -72.784 ;
-150.119 -242.009 -543.737 -19131.6 -311.132 -107.416 -38.8474 -106.188 1212.91 42783.7 120.91 4.48475 -11.7061 -117.984 -2123.31 -3576.71 -61.9634 -30.136 ;
-531.588 -17187.1 -27394.6 -1.21767e+006 -22655.8 -8935.63 -2614.21 -8878.52 42783.7 2.91627e+006 8864.92 647.925 -862.677 -9587.39 -172445 -295515 -3552.29 -2724.23 ;
1.81001 -84.1794 -69.775 -3483.07 -108.932 -44.7342 -18.996 -40.7663 120.91 8864.92 95.4708 2.71115 -11.2914 -90.6835 -1631.83 -2891.13 -56.6005 -35.8893 ;
0.791017 -5.4227 -3.73911 -186.573 -11.3669 -3.96755 -1.17226 -3.41503 4.48475 647.925 2.71115 5.79954 -0.376834 -3.26227 -57.8366 -7.31047 0 -1.52697 ;
-20.7591 -47.8948 -9.65761 -553.783 -64.6863 -36.9569 -8.68149 -21.4148 -11.7061 -862.677 -11.2914 -0.376834 68.2048 510.178 9181.59 15974.6 279.385 215.607 ;
-329.86 -355.365 -121.821 -6986.82 -473.57 -278.976 -58.8851 -180.342 -117.984 -9587.39 -90.6835 -3.26227 510.178 6827.62 122870 211154 2612.21 1671.82 ;
-5934.81 -6395.85 -2192.59 -125751 -8522.83 -5019.76 -1059.38 -3245.72 -2123.31 -172445 -1631.83 -57.8366 9181.59 122870 2.21121e+006 3.80081e+006 47019.8 30083.3 ;
-10102.2 -11061.8 -3819.42 -215926 -14684.4 -6701.37 -1683.9 -5409.43 -3576.71 -295515 -2891.13 -7.31047 15974.6 211154 3.80081e+006 7.30003e+006 122774 49197.3 ;
-131.125 -197.283 -66.6101 -2949.56 -229.679 -2.29497 -41.5382 -22.9525 -61.9634 -3552.29 -56.6005 0 279.385 2612.21 47019.8 122774 20078.1 446.769 ;
-66.1463 -155.764 -29.7631 -1843.64 -220.618 -179.015 -30.1538 -72.784 -30.136 -2724.23 -35.8893 -1.52697 215.607 1671.82 30083.3 49197.3 446.769 931.433 ;
]
+++++++++++++
Iter 5

Size = 18
Data size = 171
[ 32.7113 -6.69059 22.2426 -287.08 5.01165 0.0983956 -1.94963 -4.05458 -129.446 79.8913 1.2019 0.488012 -5.30826 -139.734 -2514.52 -5410.14 47.3372 -14.3448 ;
-6.69059 211.491 157.426 7615.89 278.547 117.639 32.9875 104.938 -241.7 -17264.3 -85.2063 -5.47349 -43.9848 -306.716 -5520.47 -9766.72 -117.508 -143.755 ;
22.2426 157.426 380.258 13866.2 197.862 74.2664 24.0876 72.8526 -543.854 -27651.5 -70.8097 -3.84516 -8.35574 -100.295 -1805.22 -3245.86 -33.3527 -25.8791 ;
-287.08 7615.89 13866.2 620856 10039.8 4052.37 1178.37 3920.18 -19230.6 -1.22781e+006 -3522 -191.584 -481.449 -5783.06 -104089 -185235 -1536.65 -1606.55 ;
5.01165 278.547 197.862 10039.8 446.379 159.694 46.0619 145.991 -309.663 -22690.3 -109.888 -11.4649 -59.4591 -408.809 -7357.72 -12996.2 -136.812 -203.426 ;
0.0983956 117.639 74.2664 4052.37 159.694 253.256 26.3034 62.941 -107.873 -9015.65 -45.5207 -4.02816 -33.5376 -229.731 -4134.03 -5625.12 -1.54723 -162.763 ;
-1.94963 32.9875 24.0876 1178.37 46.0619 26.3034 32.9875 16.5767 -38.528 -2623.5 -19.1288 -1.18563 -7.76371 -48.7853 -877.778 -1434.13 -24.2724 -27.3197 ;
-4.05458 104.938 72.8526 3920.18 145.991 62.941 16.5767 104.938 -106.371 -8923.04 -41.263 -3.43925 -19.8029 -157.156 -2828.55 -4878.38 -13.0683 -67.17 ;
-129.446 -241.7 -543.854 -19230.6 -309.663 -107.873 -38.528 -106.371 1194.43 42616.9 121.293 4.71356 -10.3748 -97.6653 -1757.86 -3063.45 -34.0598 -26.7934 ;
79.8913 -17264.3 -27651.5 -1.22781e+006 -22690.3 -9015.65 -2623.5 -8923.04 42616.9 2.92415e+006 8887.51 651.441 -771.372 -8110.51 -145930 -260643 -1917.88 -2440.78 ;
1.2019 -85.2063 -70.8097 -3522 -109.888 -45.5207 -19.1288 -41.263 121.293 8887.51 95.5422 2.68933 -10.336 -79.1104 -1423.75 -2575.54 -35.2384 -33.2555 ;
0.488012 -5.47349 -3.84516 -191.584 -11.4649 -4.02816 -1.18563 -3.43925 4.71356 651.441 2.68933 5.75002 -0.276531 -1.89022 -33.6246 -5.61329 0 -1.10721 ;
-5.30826 -43.9848 -8.35574 -481.449 -59.4591 -33.5376 -7.76371 -19.8029 -10.3748 -771.372 -10.336 -0.276531 62.7618 441.81 7951.77 14180.5 168.865 199.322 ;
-139.734 -306.716 -100.295 -5783.06 -408.809 -229.731 -48.7853 -157.156 -97.6653 -8110.51 -79.1104 -1.89022 441.81 5623.94 101219 181186 1331.31 1446.2 ;
-2514.52 -5520.47 -1805.22 -104089 -7357.72 -4134.03 -877.778 -2828.55 -1757.86 -145930 -1423.75 -33.6246 7951.77 101219 1.82175e+006 3.26135e+006 23963.5 26026.7 ;
-5410.14 -9766.72 -3245.86 -185235 -12996.2 -5625.12 -1434.13 -4878.38 -3063.45 -260643 -2575.54 -5.61329 14180.5 181186 3.26135e+006 6.41134e+006 62571.4 43694.1 ;
47.3372 -117.508 -33.3527 -1536.65 -136.812 -1.54723 -24.2724 -13.0683 -34.0598 -1917.88 -35.2384 0 168.865 1331.31 23963.5 62571.4 8454.18 287.157 ;
-14.3448 -143.755 -25.8791 -1606.55 -203.426 -162.763 -27.3197 -67.17 -26.7934 -2440.78 -33.2555 -1.10721 199.322 1446.2 26026.7 43694.1 287.157 861.04 ;
]
+++++++++++++
Iter 6

Size = 18
Data size = 171
[ 19.9712 -3.72216 5.16296 -185.174 9.71635 4.2737 -1.53477 1.25263 -38.8783 -121.491 -1.28934 -0.146801 -4.20211 -102.849 -1850.62 -3823.92 94.6047 -15.1805 ;
-3.72216 195.89 144.516 7004.35 258.514 109.482 30.4187 97.289 -216.521 -15917.9 -79.4187 -5.13129 -40.494 -276.447 -4975.67 -8691.19 -83.0676 -133.235 ;
5.16296 144.516 361.022 13102.2 181.964 69.7724 21.8659 66.6076 -496.922 -25629.7 -67.739 -4.21656 -7.54599 -88.7335 -1597.12 -2820.33 -20.9806 -23.6315 ;
-185.174 7004.35 13102.2 581858 9293.07 3741.81 1067.38 3594.69 -18221.7 -1.13856e+006 -3298.17 -206.544 -434.94 -5128.4 -92305.6 -161811 -988.843 -1466.64 ;
9.71635 258.514 181.964 9293.07 414.986 148.95 42.5541 135.66 -277.316 -21021.8 -102.564 -10.7365 -54.8528 -369.088 -6642.83 -11596.4 -96.0471 -188.913 ;
4.2737 109.482 69.7724 3741.81 148.95 236.464 24.424 58.4553 -99.216 -8363.21 -42.2242 -3.75064 -31.4445 -213.121 -3835.15 -5210.03 -0.943019 -152.495 ;
-1.53477 30.4187 21.8659 1067.38 42.5541 24.424 30.4187 15.2828 -33.5483 -2397.96 -17.6858 -1.10268 -7.19021 -44.3859 -798.62 -1284.89 -16.8531 -25.6146 ;
1.25263 97.289 66.6076 3594.69 135.66 58.4553 15.2828 97.289 -95.897 -8232.02 -38.4044 -3.16595 -18.3137 -142.878 -2571.57 -4403.42 -9.02632 -62.2104 ;
-38.8783 -216.521 -496.922 -18221.7 -277.316 -99.216 -33.5483 -95.897 1014.4 38438.1 114.977 6.84586 -9.12028 -84.0572 -1512.92 -2611.27 -22.6078 -23.9044 ;
-121.491 -15917.9 -25629.7 -1.13856e+006 -21021.8 -8363.21 -2397.96 -8232.02 38438.1 2.69903e+006 8294.79 642.43 -705.325 -7291.42 -131189 -231871 -1287.82 -2261.99 ;
-1.28934 -79.4187 -67.739 -3298.17 -102.564 -42.2242 -17.6858 -38.4044 114.977 8294.79 88.9077 2.57128 -9.48897 -71.863 -1293.3 -2318.77 -25.6048 -30.9173 ;
-0.146801 -5.13129 -4.21656 -206.544 -10.7365 -3.75064 -1.10268 -3.16595 6.84586 642.43 2.57128 5.39621 -0.264922 -1.79823 -31.9874 -5.2239 0 -1.06405 ;
-4.20211 -40.494 -7.54599 -434.94 -54.8528 -31.4445 -7.19021 -18.3137 -9.12028 -705.325 -9.48897 -0.264922 57.7754 398.914 7179.69 12657.3 120.657 184.897 ;
-102.849 -276.447 -88.7335 -5128.4 -369.088 -213.121 -44.3859 -142.878 -84.0572 -7291.42 -71.863 -1.79823 398.914 4984.56 89711.2 158384 849.179 1321.07 ;
-1850.62 -4975.67 -1597.12 -92305.6 -6642.83 -3835.15 -798.62 -2571.57 -1512.92 -131189 -1293.3 -31.9874 7179.69 89711.2 1.61462e+006 2.85092e+006 15285.2 23774.7 ;
-3823.92 -8691.19 -2820.33 -161811 -11596.4 -5210.03 -1284.89 -4403.42 -2611.27 -231871 -2318.77 -5.2239 12657.3 158384 2.85092e+006 5.53394e+006 39911.4 39599.1 ;
94.6047 -83.0676 -20.9806 -988.843 -96.0471 -0.943019 -16.8531 -9.02632 -22.6078 -1287.82 -25.6048 0 120.657 849.179 15285.2 39911.4 5043.39 209.325 ;
-15.1805 -133.235 -23.6315 -1466.64 -188.913 -152.495 -25.6146 -62.2104 -23.9044 -2261.99 -30.9173 -1.06405 184.897 1321.07 23774.7 39599.1 209.325 800.77 ;
]
+++++++++++++
Iter 7

Size = 18
Data size = 171
[ 33.2803 0.38407 10.3748 -93.8307 1.46901 -12.6269 0.00923475 1.76773 -29.1127 -126.241 -0.191836 0.398492 -5.92615 -66.8281 -1202.32 -2530.38 86.0832 -20.4569 ;
0.38407 82.5776 60.6653 2926.47 108.517 45.1015 12.9433 40.8544 -91.596 -6664.75 -33.2733 -2.21014 -17.2265 -114.026 -2052.3 -3570.18 -36.2605 -56.8233 ;
10.3748 60.6653 153.127 5536.63 76.3278 28.4725 9.15166 27.7726 -217.52 -10798.7 -28.3566 -1.98216 -3.10426 -35.1774 -633.161 -1109.42 -8.90001 -9.81115 ;
-93.8307 2926.47 5536.63 244837 3874.42 1518.24 444.249 1493.64 -7966.38 -476416 -1375.95 -98.0434 -180.394 -2060.84 -37092.8 -64585.3 -422.285 -612.932 ;
1.46901 108.517 76.3278 3874.42 172.944 60.7896 17.9116 56.708 -116.451 -8751.1 -42.7565 -4.63482 -23.3038 -151.775 -2731.62 -4751.25 -41.8515 -80.4167 ;
-12.6269 45.1015 28.4725 1518.24 60.7896 96.9538 9.95815 24.1357 -39.7333 -3372.2 -17.0884 -1.60865 -13.3504 -88.3775 -1590.35 -2161.53 -0.330034 -64.7425 ;
0.00923475 12.9433 9.15166 444.249 17.9116 9.95815 12.9433 6.46023 -14.1755 -1002.72 -7.43442 -0.457201 -3.10929 -18.6502 -335.563 -540.729 -7.65765 -11.0231 ;
1.76773 40.8544 27.7726 1493.64 56.708 24.1357 6.46023 40.8544 -39.8486 -3433.15 -16.081 -1.35343 -7.74334 -58.7303 -1057.04 -1801.54 -3.94419 -26.3951 ;
-29.1127 -91.596 -217.52 -7966.38 -116.451 -39.7333 -14.1755 -39.8486 454.688 16447.6 48.3956 3.5343 -3.89315 -34.5155 -621.24 -1072.64 -10.3509 -9.93284 ;
-126.241 -6664.75 -10798.7 -476416 -8751.1 -3372.2 -1002.72 -3433.15 16447.6 1.12691e+006 3465.46 283.312 -298.796 -3003.84 -54047.5 -95475.3 -580.938 -945.859 ;
-0.191836 -33.2733 -28.3566 -1375.95 -42.7565 -17.0884 -7.43442 -16.081 48.3956 3465.46 37.3563 1.11527 -4.08303 -30.316 -545.601 -981.321 -11.7504 -13.1056 ;
0.398492 -2.21014 -1.98216 -98.0434 -4.63482 -1.60865 -0.457201 -1.35343 3.5343 283.312 1.11527 2.32751 -0.117374 -0.771381 -13.7393 -2.27812 0 -0.466284 ;
-5.92615 -17.2265 -3.10426 -180.394 -23.3038 -13.3504 -3.10929 -7.74334 -3.89315 -298.796 -4.08303 -0.117374 24.6763 165.404 2976.97 5237 53.5709 78.6997 ;
-66.8281 -114.026 -35.1774 -2060.84 -151.775 -88.3775 -18.6502 -58.7303 -34.5155 -3003.84 -30.316 -0.771381 165.404 2002.38 36038.5 63309.1 364.821 549.175 ;
-1202.32 -2052.3 -633.161 -37092.8 -2731.62 -1590.35 -335.563 -1057.04 -621.24 -54047.5 -545.601 -13.7393 2976.97 36038.5 648620 1.13957e+006 6566.78 9883.29 ;
-2530.38 -3570.18 -1109.42 -64585.3 -4751.25 -2161.53 -540.729 -1801.54 -1072.64 -95475.3 -981.321 -2.27812 5237 63309.1 1.13957e+006 2.20397e+006 17146.6 16456.6 ;
86.0832 -36.2605 -8.90001 -422.285 -41.8515 -0.330034 -7.65765 -3.94419 -10.3509 -580.938 -11.7504 0 53.5709 364.821 6566.78 17146.6 2258.74 92.8262 ;
-20.4569 -56.8233 -9.81115 -612.932 -80.4167 -64.7425 -11.0231 -26.3951 -9.93284 -945.859 -13.1056 -0.466284 78.6997 549.175 9883.29 16456.6 92.8262 340.09 ;
]
+++++++++++++
Iter 8

Size = 18
Data size = 171
[ 45.5342 -2.24658 6.91861 -48.1286 -2.42635 -7.894 -0.498438 1.12962 -16.1348 -67.4327 -1.40316 0.178759 -0.966977 -77.9543 -1402.72 -3068.1 93.7196 6.31713 ;
-2.24658 53.5009 39.3925 1894 70.2324 29.4511 8.33115 26.4773 -59.3617 -4311.89 -21.6388 -1.43673 -11.0334 -74.9216 -1348.49 -2354.42 -22.597 -35.9948 ;
6.91861 39.3925 101.439 3629.38 49.5363 18.5838 5.9007 17.9338 -143.962 -7041.66 -18.5112 -1.3223 -2.03509 -23.7377 -427.26 -752.88 -5.58247 -6.31624 ;
-48.1286 1894 3629.38 159239 2509.77 987.987 284.994 963.346 -5251.82 -308882 -891.77 -65.3726 -118.14 -1387.7 -24977.1 -43709.4 -266.078 -394.393 ;
-2.42635 70.2324 49.5363 2509.77 111.811 39.7005 11.5154 36.7315 -75.4044 -5665.3 -27.8067 -3.01224 -14.8537 -99.4823 -1790.49 -3125.97 -25.9275 -50.6606 ;
-7.894 29.4511 18.5838 987.987 39.7005 63.4658 6.44967 15.7334 -26.1174 -2215.11 -11.3092 -1.04404 -8.44491 -56.8559 -1023.15 -1390.9 -0.218626 -40.8454 ;
-0.498438 8.33115 5.9007 284.994 11.5154 6.44967 8.33115 4.15608 -9.12857 -645.812 -4.81185 -0.299331 -1.96045 -12.1282 -218.225 -352.322 -4.73098 -6.84626 ;
1.12962 26.4773 17.9338 963.346 36.7315 15.7334 4.15608 26.4773 -25.646 -2216.68 -10.4367 -0.873737 -4.99875 -38.7478 -697.4 -1193.25 -2.38473 -16.8543 ;
-16.1348 -59.3617 -143.962 -5251.82 -75.4044 -26.1174 -9.12857 -25.646 299.19 10722.2 31.5923 2.42801 -2.53782 -23.1219 -416.171 -720.414 -6.48625 -6.43511 ;
-67.4327 -4311.89 -7041.66 -308882 -5665.3 -2215.11 -645.812 -2216.68 10722.2 729144 2247.56 185.466 -195.683 -2017.22 -36297.1 -64315.1 -365.323 -614.996 ;
-1.40316 -21.6388 -18.5112 -891.77 -27.8067 -11.3092 -4.81185 -10.4367 31.5923 2247.56 24.2748 0.72743 -2.63604 -19.9268 -358.628 -644.797 -7.30799 -8.42774 ;
0.178759 -1.43673 -1.3223 -65.3726 -3.01224 -1.04404 -0.299331 -0.873737 2.42801 185.466 0.72743 1.5075 -0.0707703 -0.475435 -8.47058 -1.4445 0 -0.278614 ;
-0.966977 -11.0334 -2.03509 -118.14 -14.8537 -8.44491 -1.96045 -4.99875 -2.53782 -195.683 -2.63604 -0.0707703 15.8505 108.911 1960.21 3458.21 33.3845 50.1064 ;
-77.9543 -74.9216 -23.7377 -1387.7 -99.4823 -56.8559 -12.1282 -38.7478 -23.1219 -2017.22 -19.9268 -0.475435 108.911 1355.1 24389.2 43043.5 231.013 355.749 ;
-1402.72 -1348.49 -427.26 -24977.1 -1790.49 -1023.15 -218.225 -697.4 -416.171 -36297.1 -358.628 -8.47058 1960.21 24389.2 438963 774785 4158.24 6402.38 ;
-3068.1 -2354.42 -752.88 -43709.4 -3125.97 -1390.9 -352.322 -1193.25 -720.414 -64315.1 -644.797 -1.4445 3458.21 43043.5 774785 1.50424e+006 10857.6 10677.9 ;
93.7196 -22.597 -5.58247 -266.078 -25.9275 -0.218626 -4.73098 -2.38473 -6.48625 -365.323 -7.30799 0 33.3845 231.013 4158.24 10857.6 1379.63 56.464 ;
6.31713 -35.9948 -6.31624 -394.393 -50.6606 -40.8454 -6.84626 -16.8543 -6.43511 -614.996 -8.42774 -0.278614 50.1064 355.749 6402.38 10677.9 56.464 215.73 ;
]
+++++++++++++
Iter 9

Size = 18
Data size = 171
[ 61.0082 2.60597 8.06477 -77.9589 5.17679 -1.19325 0.445037 2.66608 -28.2048 -54.7394 -0.805099 0.0324116 -5.99895 -81.3932 -1464.63 -3215.99 96.0286 -21.3961 ;
2.60597 40.0979 29.6124 1420.56 52.6959 22.1324 6.28394 19.8066 -44.8099 -3235.22 -16.1556 -1.06724 -8.33742 -55.6163 -1001.02 -1750.28 -16.1671 -27.5152 ;
8.06477 29.6124 76.5097 2727.05 37.216 13.8977 4.4456 13.4686 -108.99 -5302.7 -13.8439 -0.964941 -1.50288 -17.1612 -308.887 -545.735 -3.86364 -4.75199 ;
-77.9589 1420.56 2727.05 119359 1880.62 740.432 214.225 722.35 -3940.44 -231855 -667.269 -47.8769 -87.8967 -1012.73 -18228.1 -31993.7 -186.251 -298.266 ;
5.17679 52.6959 37.216 1880.62 83.985 29.9202 8.70635 27.5003 -56.8476 -4246.66 -20.7482 -2.23851 -11.2992 -74.2049 -1335.54 -2334.38 -18.6501 -38.9829 ;
-1.19325 22.1324 13.8977 740.432 29.9202 47.7418 4.90951 11.7895 -19.5389 -1657.3 -8.4161 -0.779873 -6.48545 -42.9877 -773.58 -1054.15 -0.158353 -31.4388 ;
0.445037 6.28394 4.4456 214.225 8.70635 4.90951 6.28394 3.12613 -6.93145 -485.211 -3.60334 -0.224062 -1.50561 -9.07661 -163.315 -263.865 -3.35077 -5.3611 ;
2.66608 19.8066 13.4686 722.35 27.5003 11.7895 3.12613 19.8066 -19.2947 -1661.48 -7.78133 -0.648585 -3.76025 -28.7119 -516.769 -887.318 -1.7379 -12.7987 ;
-28.2048 -44.8099 -108.99 -3940.44 -56.8476 -19.5389 -6.93145 -19.2947 228.48 8097.24 23.5751 1.72532 -1.89137 -16.8849 -303.915 -528.511 -4.63173 -4.852 ;
-54.7394 -3235.22 -5302.7 -231855 -4246.66 -1657.3 -485.211 -1661.48 8097.24 547473 1681.64 137.378 -145.944 -1480.17 -26633.9 -47351.8 -259.469 -464.164 ;
-0.805099 -16.1556 -13.8439 -667.269 -20.7482 -8.4161 -3.60334 -7.78133 23.5751 1681.64 18.1377 0.540559 -1.98216 -14.8119 -266.576 -480.149 -5.26327 -6.39892 ;
0.0324116 -1.06724 -0.964941 -47.8769 -2.23851 -0.779873 -0.224062 -0.648585 1.72532 137.378 0.540559 1.12116 -0.0539184 -0.343029 -6.11309 -1.07045 0 -0.213608 ;
-5.99895 -8.33742 -1.50288 -87.8967 -11.2992 -6.48545 -1.50561 -3.76025 -1.89137 -145.944 -1.98216 -0.0539184 11.9579 80.7956 1454.19 2569.95 23.9445 38.2187 ;
-81.3932 -55.6163 -17.1612 -1012.73 -74.2049 -42.9877 -9.07661 -28.7119 -16.8849 -1480.17 -14.8119 -0.343029 80.7956 986.444 17754.2 31442.6 161.474 268.175 ;
-1464.63 -1001.02 -308.887 -18228.1 -1335.54 -773.58 -163.315 -516.769 -303.915 -26633.9 -266.576 -6.11309 1454.19 17754.2 319546 565968 2906.53 4826.35 ;
-3215.99 -1750.28 -545.735 -31993.7 -2334.38 -1054.15 -263.865 -887.318 -528.511 -47351.8 -480.149 -1.07045 2569.95 31442.6 565968 1.10014e+006 7589.28 8065.25 ;
96.0286 -16.1671 -3.86364 -186.251 -18.6501 -0.158353 -3.35077 -1.7379 -4.63173 -259.469 -5.26327 0 23.9445 161.474 2906.53 7589.28 950.464 41.5938 ;
-21.3961 -27.5152 -4.75199 -298.266 -38.9829 -31.4388 -5.3611 -12.7987 -4.852 -464.164 -6.39892 -0.213608 38.2187 268.175 4826.35 8065.25 41.5938 165.267 ;
]
+++++++++++++
Iter 10

Size = 18
Data size = 171
[ 174.648 -2.75299 -0.96126 -7.59565 3.76969 1.79397 -0.960571 0.622352 -5.71945 -41.8998 -1.04848 -0.364178 -0.193102 -3.4094 -60.6936 -86.3368 53.6132 -6.08539 ;
-2.75299 5.1801 3.84578 182.877 6.80974 2.86883 0.800827 2.55426 -5.80145 -417.31 -2.08905 -0.13707 -1.06962 -6.9341 -124.803 -215.771 -2.92152 -3.53393 ;
-0.96126 3.84578 10.3792 359.347 4.82803 1.81277 0.567043 1.72761 -14.6384 -693.878 -1.81713 -0.128099 -0.187687 -2.07018 -37.2611 -64.6346 -0.76375 -0.598393 ;
-7.59565 182.877 359.347 15424.4 242.699 95.3648 27.0438 92.3254 -521.688 -29941.4 -86.1381 -6.33977 -11.0227 -123.451 -2221.96 -3825.76 -36.1803 -37.6861 ;
3.76969 6.80974 4.82803 242.699 10.8732 3.88811 1.11105 3.54961 -7.34944 -549.12 -2.68559 -0.287326 -1.44769 -9.25004 -166.479 -287.35 -3.3936 -5.00969 ;
1.79397 2.86883 1.81277 95.3648 3.88811 6.20406 0.628603 1.52308 -2.55049 -214.421 -1.08905 -0.0998446 -0.84174 -5.55326 -99.9293 -134.981 -0.0242306 -4.08401 ;
-0.960571 0.800827 0.567043 27.0438 1.11105 0.628603 0.800827 0.396368 -0.88219 -61.3641 -0.457678 -0.02909 -0.19424 -1.1535 -20.7535 -33.1127 -0.620189 -0.691549 ;
0.622352 2.55426 1.72761 92.3254 3.54961 1.52308 0.396368 2.55426 -2.46889 -213.917 -1.00683 -0.0826018 -0.476134 -3.52153 -63.3809 -106.864 -0.329185 -1.63058 ;
-5.71945 -5.80145 -14.6384 -521.688 -7.34944 -2.55049 -0.88219 -2.46889 30.2106 1054.76 3.07411 0.236428 -0.232895 -2.01724 -36.3082 -62.2723 -0.825521 -0.599875 ;
-41.8998 -417.31 -693.878 -29941.4 -549.12 -214.421 -61.3641 -213.917 1054.76 70441.9 216.724 17.8895 -17.9605 -177.383 -3191.46 -5550.21 -46.6677 -57.6845 ;
-1.04848 -2.08905 -1.81713 -86.1381 -2.68559 -1.08905 -0.457678 -1.00683 3.07411 216.724 2.33872 0.0702603 -0.249677 -1.82856 -32.9083 -58.82 -0.90749 -0.807451 ;
-0.364178 -0.13707 -0.128099 -6.33977 -0.287326 -0.0998446 -0.02909 -0.0826018 0.236428 17.8895 0.0702603 0.144658 -0.00758855 -0.0513233 -0.914147 -0.143054 0 -0.0301861 ;
-0.193102 -1.06962 -0.187687 -11.0227 -1.44769 -0.84174 -0.19424 -0.476134 -0.232895 -17.9605 -0.249677 -0.00758855 1.52242 9.9987 179.956 314.184 4.23861 4.87814 ;
-3.4094 -6.9341 -2.07018 -123.451 -9.25004 -5.55326 -1.1535 -3.52153 -2.01724 -177.383 -1.82856 -0.0513233 9.9987 118.655 2135.5 3700.04 30.8519 33.5239 ;
-60.6936 -124.803 -37.2611 -2221.96 -166.479 -99.9293 -20.7535 -63.3809 -36.3082 -3191.46 -32.9083 -0.914147 179.956 2135.5 38434.3 66601 555.335 603.306 ;
-86.3368 -215.771 -64.6346 -3825.76 -287.35 -134.981 -33.1127 -106.864 -62.2723 -5550.21 -58.82 -0.143054 314.184 3700.04 66601 127742 1450.04 995.501 ;
53.6132 -2.92152 -0.76375 -36.1803 -3.3936 -0.0242306 -0.620189 -0.329185 -0.825521 -46.6677 -0.90749 0 4.23861 30.8519 555.335 1450.04 217.279 7.19193 ;
-6.08539 -3.53393 -0.598393 -37.6861 -5.00969 -4.08401 -0.691549 -1.63058 -0.599875 -57.6845 -0.807451 -0.0301861 4.87814 33.5239 603.306 995.501 7.19193 21.1703 ;
]
+++++++++++++
Iter 12

Size = 18
Data size = 171
[ 383.64 11.1859 3.24794 -32.5025 19.1505 2.72364 0.985707 7.54167 -12.8563 -74.3811 0.593839 -0.508046 -16.0435 -244.574 -4402.17 -9883.15 76.756 -49.5004 ;
11.1859 9.71844 7.26967 345.827 12.7967 5.35469 1.52234 4.78525 -10.9479 -782.147 -3.87456 -0.256599 -2.09637 -14.7914 -266.232 -479.005 -4.1563 -6.86577 ;
3.24794 7.26967 19.6745 686.973 9.14678 3.39302 1.08802 3.26245 -28.0361 -1317.39 -3.41066 -0.248149 -0.394729 -4.78306 -86.0927 -158.505 -1.056 -1.22564 ;
-32.5025 345.827 686.973 29620.1 459.076 179.142 51.8928 174.34 -1002.64 -56883.5 -162.133 -12.3342 -23.1799 -282.077 -5077.22 -9264.45 -51.5759 -77.211 ;
19.1505 12.7967 9.14678 459.076 20.436 7.2493 2.1116 6.65998 -13.9016 -1028.82 -4.98216 -0.538762 -2.84849 -19.8429 -357.146 -642.627 -4.85305 -9.74103 ;
2.72364 5.35469 3.39302 179.142 7.2493 11.5625 1.18617 2.84651 -4.74579 -401.457 -2.02841 -0.188611 -1.58063 -10.6713 -192.045 -264.909 -0.0566174 -7.66322 ;
0.985707 1.52234 1.08802 51.8928 2.1116 1.18617 1.52234 0.755489 -1.68824 -117.518 -0.8679 -0.0546168 -0.371454 -2.32974 -41.923 -69.9381 -0.834473 -1.31362 ;
7.54167 4.78525 3.26245 174.34 6.65998 2.84651 0.755489 4.78525 -4.62538 -398.886 -1.85567 -0.153811 -0.950334 -7.64095 -137.528 -242.736 -0.445626 -3.21399 ;
-12.8563 -10.9479 -28.0361 -1002.64 -13.9016 -4.74579 -1.68824 -4.62538 58.8848 2022.33 5.80016 0.470717 -0.480724 -4.55693 -82.0231 -148.031 -1.21386 -1.22518 ;
-74.3811 -782.147 -1317.39 -56883.5 -1028.82 -401.457 -117.518 -398.886 2022.33 133848 408.448 33.7336 -37.9028 -408.683 -7354.67 -13567.8 -70.356 -119.122 ;
0.593839 -3.87456 -3.41066 -162.133 -4.98216 -2.02841 -0.8679 -1.85567 5.80016 408.448 4.3727 0.130809 -0.498138 -3.89119 -70.0342 -128.74 -1.33438 -1.59937 ;
-0.508046 -0.256599 -0.248149 -12.3342 -0.538762 -0.188611 -0.0546168 -0.153811 0.470717 33.7336 0.130809 0.268354 -0.0117544 -0.069115 -1.23341 -0.25449 0 -0.0462958 ;
-16.0435 -2.09637 -0.394729 -23.1799 -2.84849 -1.58063 -0.371454 -0.950334 -0.480724 -37.9028 -0.498138 -0.0117544 3.00509 21.5034 387.038 703.286 6.11925 9.54205 ;
-244.574 -14.7914 -4.78306 -282.077 -19.8429 -10.6713 -2.32974 -7.64095 -4.55693 -408.683 -3.89119 -0.069115 21.5034 277.922 5002.3 9220.03 45.3555 70.0403 ;
-4402.17 -266.232 -86.0927 -5077.22 -357.146 -192.045 -41.923 -137.528 -82.0231 -7354.67 -70.0342 -1.23341 387.038 5002.3 90036.4 165961 816.399 1260.58 ;
-9883.15 -479.005 -158.505 -9264.45 -642.627 -264.909 -69.9381 -242.736 -148.031 -13567.8 -128.74 -0.25449 703.286 9220.03 165961 332346 2131.71 2156.53 ;
76.756 -4.1563 -1.056 -51.5759 -4.85305 -0.0566174 -0.834473 -0.445626 -1.21386 -70.356 -1.33438 0 6.11925 45.3555 816.399 2131.71 241.771 10.7847 ;
-49.5004 -6.86577 -1.22564 -77.211 -9.74103 -7.66322 -1.31362 -3.21399 -1.22518 -119.122 -1.59937 -0.0462958 9.54205 70.0403 1260.58 2156.53 10.7847 41.0724 ;
]
+++++++++++++
Iter 13

Size = 18
Data size = 171
[ 220.792 1.56024 3.11899 -95.1333 6.19092 -1.17816 -0.302334 2.52567 -18.2019 -57.3188 -0.38814 -0.31708 -5.0066 -87.9667 -1583.09 -3676.04 103.918 -18.5659 ;
1.56024 9.98311 7.43847 354.222 13.1201 5.50362 1.5535 4.92504 -11.2593 -806.58 -4.0221 -0.265185 -2.07155 -13.8924 -250.046 -439.519 -3.74089 -6.84518 ;
3.11899 7.43847 19.907 696.114 9.3447 3.47519 1.10758 3.34986 -28.3741 -1343.99 -3.49346 -0.249296 -0.372679 -4.27875 -77.0145 -137.121 -0.871705 -1.18008 ;
-95.1333 354.222 696.114 30065 469.507 183.747 52.9148 179.059 -1013.92 -58140.4 -166.566 -12.3861 -21.9389 -254.476 -4580.34 -8101.44 -42.7031 -74.4281 ;
6.19092 13.1201 9.3447 469.507 20.9242 7.44266 2.15255 6.84156 -14.2686 -1059.54 -5.16425 -0.556358 -2.8103 -18.5776 -334.365 -587.626 -4.31874 -9.69826 ;
-1.17816 5.50362 3.47519 183.747 7.44266 11.8803 1.21158 2.92766 -4.8805 -412.723 -2.09362 -0.194242 -1.60725 -10.6302 -191.299 -261.571 -0.038084 -7.79487 ;
-0.302334 1.5535 1.10758 52.9148 2.15255 1.21158 1.5535 0.77193 -1.73029 -120.188 -0.89201 -0.0561576 -0.369822 -2.23472 -40.2104 -65.2632 -0.754925 -1.32099 ;
2.52567 4.92504 3.34986 179.059 6.84156 2.92766 0.77193 4.92504 -4.77951 -412.444 -1.93084 -0.159767 -0.938479 -7.19584 -129.515 -223.941 -0.400628 -3.19331 ;
-18.2019 -11.2593 -28.3741 -1013.92 -14.2686 -4.8805 -1.73029 -4.77951 59.5033 2057.56 5.92787 0.460729 -0.463907 -4.16749 -75.0125 -131.586 -1.06635 -1.19172 ;
-57.3188 -806.58 -1343.99 -58140.4 -1059.54 -412.723 -120.188 -412.444 2057.56 136903 419.196 34.5859 -36.1352 -370.022 -6658.4 -11934.8 -59.9884 -115.073 ;
-0.38814 -4.0221 -3.49346 -166.566 -5.16425 -2.09362 -0.89201 -1.93084 5.92787 419.196 4.51018 0.134953 -0.48808 -3.67391 -66.1219 -119.539 -1.21653 -1.58093 ;
-0.31708 -0.265185 -0.249296 -12.3861 -0.556358 -0.194242 -0.0561576 -0.159767 0.460729 34.5859 0.134953 0.278085 -0.0129005 -0.0795737 -1.41912 -0.261141 0 -0.0509526 ;
-5.0066 -2.07155 -0.372679 -21.9389 -2.8103 -1.60725 -0.369822 -0.938479 -0.463907 -36.1352 -0.48808 -0.0129005 2.96287 20.1505 362.679 644.334 5.5399 9.48844 ;
-87.9667 -13.8924 -4.27875 -254.476 -18.5776 -10.6302 -2.23472 -7.19584 -4.16749 -370.022 -3.67391 -0.0795737 20.1505 247.85 4460.92 7965.79 37.0978 66.8705 ;
-1583.09 -250.046 -77.0145 -4580.34 -334.365 -191.299 -40.2104 -129.515 -75.0125 -6658.4 -66.1219 -1.41912 362.679 4460.92 80290.2 143385 667.76 1203.49 ;
-3676.04 -439.519 -137.121 -8101.44 -587.626 -261.571 -65.2632 -223.941 -131.586 -11934.8 -119.539 -0.261141 644.334 7965.79 143385 280217 1743.59 2020.98 ;
103.918 -3.74089 -0.871705 -42.7031 -4.31874 -0.038084 -0.754925 -0.400628 -1.06635 -59.9884 -1.21653 0 5.5399 37.0978 667.76 1743.59 208.546 9.7014 ;
-18.5659 -6.84518 -1.18008 -74.4281 -9.69826 -7.79487 -1.32099 -3.19331 -1.19172 -115.073 -1.58093 -0.0509526 9.48844 66.8705 1203.49 2020.98 9.7014 41.0488 ;
]
+++++++++++++
Iter 14

Size = 18
Data size = 171
[ 173.5 -4.10608 15.9173 -19.186 -9.07459 -14.6657 -0.777974 -2.02294 -45.094 -65.2407 1.28044 0.372422 -1.16289 -77.8206 -1400.37 -3048.58 111.743 3.09971 ;
-4.10608 16.0536 11.8732 567.821 21.0178 8.75732 2.5003 7.93316 -18.105 -1294.78 -6.46727 -0.432844 -3.31053 -22.4282 -403.679 -702.667 -5.64827 -10.8715 ;
15.9173 11.8732 30.5668 1085.43 14.904 5.46464 1.77442 5.39346 -44.508 -2121.83 -5.47997 -0.388277 -0.603421 -7.01104 -126.193 -221.581 -1.28934 -1.89345 ;
-19.186 567.821 1085.43 47459.1 749.81 292.113 85.3323 288.499 -1587.43 -92401 -265.046 -19.3795 -35.3798 -414.951 -7468.72 -13034.4 -62.8907 -119.084 ;
-9.07459 21.0178 14.904 749.81 33.348 11.7606 3.44095 10.9743 -22.87 -1693.75 -8.27981 -0.907949 -4.46077 -29.7889 -536.143 -933.438 -6.44682 -15.2855 ;
-14.6657 8.75732 5.46464 292.113 11.7606 18.829 1.9098 4.68116 -7.65537 -652.94 -3.32871 -0.31616 -2.55159 -17.1475 -308.578 -419.895 -0.050563 -12.3507 ;
-0.777974 2.5003 1.77442 85.3323 3.44095 1.9098 2.5003 1.24556 -2.80278 -193.627 -1.43779 -0.0897804 -0.586059 -3.61099 -64.973 -104.414 -1.15699 -2.06153 ;
-2.02294 7.93316 5.39346 288.499 10.9743 4.68116 1.24556 7.93316 -7.71058 -663.085 -3.11183 -0.263781 -1.51058 -11.6931 -210.458 -360.455 -0.589187 -5.10696 ;
-45.094 -18.105 -44.508 -1587.43 -22.87 -7.65537 -2.80278 -7.71058 95.5605 3280.6 9.34651 0.685111 -0.762403 -6.92866 -124.71 -215.582 -1.64983 -1.92182 ;
-65.2407 -1294.78 -2121.83 -92401 -1693.75 -652.94 -193.627 -663.085 3280.6 218802 669.651 55.5155 -58.4257 -602.848 -10847.7 -19215.1 -91.2964 -183.425 ;
1.28044 -6.46727 -5.47997 -265.046 -8.27981 -3.32871 -1.43779 -3.11183 9.34651 669.651 7.25139 0.218444 -0.78412 -5.93767 -106.863 -191.735 -1.87744 -2.50849 ;
0.372422 -0.432844 -0.388277 -19.3795 -0.907949 -0.31616 -0.0897804 -0.263781 0.685111 55.5155 0.218444 0.454295 -0.021451 -0.141605 -2.52476 -0.440164 0 -0.0839758 ;
-1.16289 -3.31053 -0.603421 -35.3798 -4.46077 -2.55159 -0.586059 -1.51058 -0.762403 -58.4257 -0.78412 -0.021451 4.74734 32.5781 586.353 1031.95 8.44414 15.0771 ;
-77.8206 -22.4282 -7.01104 -414.951 -29.7889 -17.1475 -3.61099 -11.6931 -6.92866 -602.848 -5.93767 -0.141605 32.5781 404.947 7288.33 12838.9 54.9912 107.059 ;
-1400.37 -403.679 -126.193 -7468.72 -536.143 -308.578 -64.973 -210.458 -124.71 -10847.7 -106.863 -2.52476 586.353 7288.33 131178 231102 989.841 1926.74 ;
