============== BHHH ===============

Size = 15
Data size = 120
[ 43839.7 -714.999 -15406.8 -97491.3 -1038.2 -336.528 -90.3622 -315.728 24.1341 360.612 97.5707 17093.3 124612 323.685 14.9307 ;
-714.999 41.9171 262.113 1798.7 57.8675 22.4203 6.41524 19.7697 -9.27404 -51.4451 -30.4215 -339.672 -3404.82 -15.8784 -1.00842 ;
-15406.8 262.113 5718.26 34293 384.332 122.984 34.0186 118.192 -9.2946 -190.375 -36.9308 -6352.03 -46290.5 -113.421 -5.41933 ;
-97491.3 1798.7 34293 219248 2591.24 858.338 227.599 820.17 -78.8145 -1584.17 -312.43 -38450.2 -295417 -803.704 -38.9664 ;
-1038.2 57.8675 384.332 2591.24 98.9571 29.8671 9.35096 27.8751 -13.321 -73.7599 -46.8232 -453.543 -4720.64 -21.299 -2.19698 ;
-336.528 22.4203 122.984 858.338 29.8671 48.4365 5.21555 11.888 -6.79414 -45.3667 -33.1714 -160.466 -1632.21 -7.9768 -0.334457 ;
-90.3622 6.41524 34.0186 227.599 9.35096 5.21555 6.41524 2.82115 -2.22179 -8.09293 -7.71219 -51.5902 -452.524 -2.70878 -0.154713 ;
-315.728 19.7697 118.192 820.17 27.8751 11.888 2.82115 19.7697 -4.1677 -35.3604 -15.2316 -151.072 -1682.03 -7.41184 -0.613738 ;
24.1341 -9.27404 -9.2946 -78.8145 -13.321 -6.79414 -2.22179 -4.1677 12.4622 101.209 40.5541 -9.69523 -160.443 -2.14367 -0.158678 ;
360.612 -51.4451 -190.375 -1584.17 -73.7599 -45.3667 -8.09293 -35.3604 101.209 3813.13 393.282 -224.046 -3634.55 -37.4852 -5.8017 ;
97.5707 -30.4215 -36.9308 -312.43 -46.8232 -33.1714 -7.71219 -15.2316 40.5541 393.282 179.342 -37.0034 -604.939 -7.19154 -0.631804 ;
17093.3 -339.672 -6352.03 -38450.2 -453.543 -160.466 -51.5902 -151.072 -9.69523 -224.046 -37.0034 12716.6 66574.1 165.496 11.5092 ;
124612 -3404.82 -46290.5 -295417 -4720.64 -1632.21 -452.524 -1682.03 -160.443 -3634.55 -604.939 66574.1 584530 1629.08 146.471 ;
323.685 -15.8784 -113.421 -803.704 -21.299 -7.9768 -2.70878 -7.41184 -2.14367 -37.4852 -7.19154 165.496 1629.08 18.0221 0.313436 ;
14.9307 -1.00842 -5.41933 -38.9664 -2.19698 -0.334457 -0.154713 -0.613738 -0.158678 -5.8017 -0.631804 11.5092 146.471 0.313436 1.1671 ;
]

============== Hessian ===============

Size = 15
Data size = 120
[ 24169.9 -580.153 -8737.04 -56508.5 -772.938 -295.693 -87.3812 -288.684 35.3226 410.505 118.507 12745.2 103681 277.857 22.6574 ;
-580.153 44.2005 211.04 1560.07 57.8583 24.1872 6.96262 21.6907 -9.2911 -62.0965 -30.3875 -306.022 -3545.27 -17.6772 -1.20333 ;
-8737.04 211.04 3287.75 20447.4 280.669 105.791 32.2967 105.344 -10.8154 -123.753 -36.4401 -4588.25 -38567.8 -102.317 -7.61891 ;
-56508.5 1560.07 20447.4 134248 2069.49 802.836 233.697 785.985 -98.4239 -1133.21 -331.218 -29461.4 -257401 -737.835 -58.2667 ;
-772.938 57.8583 280.669 2069.49 91.3837 32.432 9.5247 29.9602 -12.4387 -81.8232 -42.5995 -408.836 -4646.12 -22.6304 -2.5207 ;
-295.693 24.1872 105.791 802.836 32.432 52.1438 5.27704 12.7771 -7.16828 -48.5518 -34.6887 -143.537 -1793.28 -9.08739 -0.879293 ;
-87.3812 6.96262 32.2967 233.697 9.5247 5.27704 6.96262 3.40344 -1.70018 -10.4485 -5.89501 -47.6334 -530.539 -3.9482 -0.247077 ;
-288.684 21.6907 105.344 785.985 29.9602 12.7771 3.40344 21.6907 -4.13216 -31.4643 -14.0547 -143.83 -1809.42 -8.50059 -0.731785 ;
35.3226 -9.2911 -10.8154 -98.4239 -12.4387 -7.16828 -1.70018 -4.13216 13.3985 90.7916 42.287 -12.7577 -165.343 -2.24588 -0.0588034 ;
410.505 -62.0965 -123.753 -1133.21 -81.8232 -48.5518 -10.4485 -31.4643 90.7916 1107.73 298.293 -116.629 -1683.44 -16.9082 -0.375869 ;
118.507 -30.3875 -36.4401 -331.218 -42.5995 -34.6887 -5.89501 -14.0547 42.287 298.293 182.202 -35.9293 -516.136 -7.07586 -0.2188 ;
12745.2 -306.022 -4588.25 -29461.4 -408.836 -143.537 -47.6334 -143.83 -12.7577 -116.629 -35.9293 9526.91 57346.2 170.737 13.7131 ;
103681 -3545.27 -38567.8 -257401 -4646.12 -1793.28 -530.539 -1809.42 -165.343 -1683.44 -516.136 57346.2 603114 1853.72 157.421 ;
277.857 -17.6772 -102.317 -737.835 -22.6304 -9.08739 -3.9482 -8.50059 -2.24588 -16.9082 -7.07586 170.737 1853.72 19.923 0.624153 ;
22.6574 -1.20333 -7.61891 -58.2667 -2.5207 -0.879293 -0.247077 -0.731785 -0.0588034 -0.375869 -0.2188 13.7131 157.421 0.624153 1.26213 ;
]

