Iter 0

Size = 15
Data size = 120
[ 57.4036 409.808 3808.16 26901.3 638.032 225.196 94.483 198.9 93.8971 566.612 313.091 -9741.8 -72640.1 -238.571 -6.06008 ;
409.808 196.92 568.215 4602.67 286.984 116.553 47.2247 92.0561 -0.615777 -0.139433 -2.25571 -1624.43 -15955.1 -100.207 -2.67786 ;
3808.16 568.215 2838.01 20672.3 927.373 383.137 167.544 280.2 -0.0669198 -0.0181944 -0.240564 -7361.53 -69300.2 -265.742 -5.64685 ;
26901.3 4602.67 20672.3 161030 7383.16 3058.33 1307.47 2245.63 -0.347067 -0.0712153 -1.33687 -55776.2 -534634 -2201.37 -46.4372 ;
638.032 286.984 927.373 7383.16 498.698 172.692 72.4372 142.458 -0.901873 -0.186615 -3.51841 -2638.94 -25271.7 -139.183 -6.27025 ;
225.196 116.553 383.137 3058.33 172.692 251.369 36.3763 57.5124 -0.331837 -0.106516 -2.07326 -1056.44 -10729.4 -60.294 -2.26759 ;
94.483 47.2247 167.544 1307.47 72.4372 36.3763 47.2247 21.7871 -0.0235208 -0.00616263 -0.105779 -523.903 -4816.81 -32.7405 -0.776123 ;
198.9 92.0561 280.2 2245.63 142.458 57.5124 21.7871 92.0561 -0.366479 -0.0771799 -1.8234 -744.115 -7737.6 -44.6469 -1.44247 ;
93.8971 -0.615777 -0.0669198 -0.347067 -0.901873 -0.331837 -0.0235208 -0.366479 0.767817 0.176264 2.70542 -0.205261 -2.20046 -0.0424929 -3.21825e-006 ;
566.612 -0.139433 -0.0181944 -0.0712153 -0.186615 -0.106516 -0.00616263 -0.0771799 0.176264 0.0507758 0.623675 -0.0582902 -0.575719 -0.0101883 -3.22391e-006 ;
313.091 -2.25571 -0.240564 -1.33687 -3.51841 -2.07326 -0.105779 -1.8234 2.70542 0.623675 13.3597 -0.499774 -9.14793 -0.143061 -1.2873e-005 ;
-9741.8 -1624.43 -7361.53 -55776.2 -2638.94 -1056.44 -523.903 -744.115 -0.205261 -0.0582902 -0.499774 39557.1 201218 821.194 4.19048 ;
-72640.1 -15955.1 -69300.2 -534634 -25271.7 -10729.4 -4816.81 -7737.6 -2.20046 -0.575719 -9.14793 201218 1.97771e+006 7726.12 225.453 ;
-238.571 -100.207 -265.742 -2201.37 -139.183 -60.294 -32.7405 -44.6469 -0.0424929 -0.0101883 -0.143061 821.194 7726.12 100.25 1.48213 ;
-6.06008 -2.67786 -5.64685 -46.4372 -6.27025 -2.26759 -0.776123 -1.44247 -3.21825e-006 -3.22391e-006 -1.2873e-005 4.19048 225.453 1.48213 2.67787 ;
]
+++++++++++++
Iter 1

Size = 15
Data size = 120
[ 1.29309e+006 442.169 3727.15 26270.5 674.346 267.779 91.9953 217.761 -43.2865 -543.324 -140.469 -7424.81 -63385.7 -181.99 -6.02259 ;
442.169 0 0 0 0 0 0 0 0 0 0 0 0 0 0 ;
3727.15 0 0 0 0 0 0 0 0 0 0 0 0 0 0 ;
26270.5 0 0 0 0 0 0 0 0 0 0 0 0 0 0 ;
674.346 0 0 0 0 0 0 0 0 0 0 0 0 0 0 ;
267.779 0 0 0 0 0 0 0 0 0 0 0 0 0 0 ;
91.9953 0 0 0 0 0 0 0 0 0 0 0 0 0 0 ;
217.761 0 0 0 0 0 0 0 0 0 0 0 0 0 0 ;
-43.2865 0 0 0 0 0 0 0 0 0 0 0 0 0 0 ;
-543.324 0 0 0 0 0 0 0 0 0 0 0 0 0 0 ;
-140.469 0 0 0 0 0 0 0 0 0 0 0 0 0 0 ;
-7424.81 0 0 0 0 0 0 0 0 0 0 0 0 0 0 ;
-63385.7 0 0 0 0 0 0 0 0 0 0 0 0 0 0 ;
-181.99 0 0 0 0 0 0 0 0 0 0 0 0 0 0 ;
-6.02259 0 0 0 0 0 0 0 0 0 0 0 0 0 0 ;
]
+++++++++++++
Iter 4

Size = 15
Data size = 120
[ 706555 -568.159 -3976.31 -27611.9 -730.19 -294.938 -71.1721 -307.573 81.9777 589.503 273.771 5829.67 64328.1 229.57 28.2363 ;
-568.159 0.489345 2.11909 15.8728 0.613254 0.24011 0.0589548 0.248602 -0.0602707 -0.106958 -0.195435 -3.24127 -36.1244 -0.219681 -0.021429 ;
-3976.31 2.11909 26.2946 163.796 2.9045 1.02317 0.292099 1.10591 -0.0244299 -0.0723477 -0.0847508 -39.7441 -333.348 -0.963895 -0.0813784 ;
-27611.9 15.8728 163.796 1089.66 21.3497 7.75833 2.03388 8.44152 -0.203607 -0.666139 -0.706426 -245.125 -2245.55 -7.29583 -0.681687 ;
-730.19 0.613254 2.9045 21.3497 0.957707 0.314594 0.0805728 0.330564 -0.0760606 -0.128507 -0.266207 -4.47426 -47.1198 -0.271186 -0.0420558 ;
-294.938 0.24011 1.02317 7.75833 0.314594 0.497574 0.0349465 0.136272 -0.0447372 -0.0852246 -0.218818 -1.61196 -17.4752 -0.103087 -0.0114574 ;
-71.1721 0.0589548 0.292099 2.03388 0.0805728 0.0349465 0.0589548 0.0284111 -0.00834883 -0.0186255 -0.0301322 -0.547683 -4.30192 -0.0347583 -0.00364213 ;
-307.573 0.248602 1.10591 8.44152 0.330564 0.136272 0.0284111 0.248602 -0.0258418 -0.0504838 -0.0866912 -1.56903 -19.6835 -0.110842 -0.0152198 ;
81.9777 -0.0602707 -0.0244299 -0.203607 -0.0760606 -0.0447372 -0.00834883 -0.0258418 0.0757211 0.134326 0.237837 -0.0297608 -0.274645 -0.00654221 -0.000266735 ;
589.503 -0.106958 -0.0723477 -0.666139 -0.128507 -0.0852246 -0.0186255 -0.0504838 0.134326 0.453104 0.449576 -0.0662797 -0.725033 -0.0155202 -0.000460103 ;
273.771 -0.195435 -0.0847508 -0.706426 -0.266207 -0.218818 -0.0301322 -0.0866912 0.237837 0.449576 1.03014 -0.0822829 -0.818283 -0.0214952 -0.00104502 ;
5829.67 -3.24127 -39.7441 -245.125 -4.47426 -1.61196 -0.547683 -1.56903 -0.0297608 -0.0662797 -0.0822829 84.2547 500.067 1.59354 0.0904728 ;
64328.1 -36.1244 -333.348 -2245.55 -47.1198 -17.4752 -4.30192 -19.6835 -0.274645 -0.725033 -0.818283 500.067 4970.68 17.3104 2.05485 ;
229.57 -0.219681 -0.963895 -7.29583 -0.271186 -0.103087 -0.0347583 -0.110842 -0.00654221 -0.0155202 -0.0214952 1.59354 17.3104 0.226223 0.0103323 ;
28.2363 -0.021429 -0.0813784 -0.681687 -0.0420558 -0.0114574 -0.00364213 -0.0152198 -0.000266735 -0.000460103 -0.00104502 0.0904728 2.05485 0.0103323 0.0216957 ;
]
+++++++++++++
Iter 8

Size = 15
Data size = 120
[ 1.4507e+006 -301.414 -966.341 -8568.46 -402.998 -176.229 -45.1581 -155.754 72.9775 626.451 244.725 2305.89 30112.2 109.301 8.93222 ;
-301.414 0.151976 0.595031 4.62186 0.20213 0.0823942 0.0224844 0.0747309 -0.0223598 -0.0707029 -0.0730944 -1.14582 -12.0508 -0.0655823 -0.0037204 ;
-966.341 0.595031 5.16739 35.7898 0.864042 0.317133 0.0973757 0.300298 -0.0141555 -0.0814365 -0.0492538 -10.3119 -90.6467 -0.266421 -0.0118498 ;
-8568.46 4.62186 35.7898 260.047 6.61103 2.49678 0.712752 2.33063 -0.124246 -0.754455 -0.433718 -71.6187 -660.346 -2.10994 -0.0994719 ;
-402.998 0.20213 0.864042 6.61103 0.324312 0.111964 0.0309762 0.104543 -0.0286495 -0.0885738 -0.0994839 -1.65326 -16.9608 -0.0850247 -0.00809071 ;
-176.229 0.0823942 0.317133 2.49678 0.111964 0.17639 0.0144715 0.0435432 -0.0172044 -0.0584475 -0.0839102 -0.608734 -6.43394 -0.0359374 -0.00212495 ;
-45.1581 0.0224844 0.0973757 0.712752 0.0309762 0.0144715 0.0224844 0.0107471 -0.00376149 -0.0127867 -0.0137248 -0.202988 -1.81554 -0.0127184 -0.000647437 ;
-155.754 0.0747309 0.300298 2.33063 0.104543 0.0435432 0.0107471 0.0747309 -0.00971275 -0.0344592 -0.0329833 -0.540318 -6.16131 -0.0311767 -0.00251381 ;
72.9775 -0.0223598 -0.0141555 -0.124246 -0.0286495 -0.0172044 -0.00376149 -0.00971275 0.0291904 0.0953315 0.0923801 -0.0164713 -0.178301 -0.00346769 -0.00010654 ;
626.451 -0.0707029 -0.0814365 -0.754455 -0.0885738 -0.0584475 -0.0127867 -0.0344592 0.0953315 0.623829 0.321721 -0.0793973 -1.00001 -0.015549 -0.000311378 ;
244.725 -0.0730944 -0.0492538 -0.433718 -0.0994839 -0.0839102 -0.0137248 -0.0329833 0.0923801 0.321721 0.399081 -0.0464485 -0.552583 -0.0112048 -0.000409073 ;
2305.89 -1.14582 -10.3119 -71.6187 -1.65326 -0.608734 -0.202988 -0.540318 -0.0164713 -0.0793973 -0.0464485 28.6863 184.8 0.548159 0.0119703 ;
30112.2 -12.0508 -90.6467 -660.346 -16.9608 -6.43394 -1.81554 -6.16131 -0.178301 -1.00001 -0.552583 184.8 1795.56 5.85019 0.338746 ;
109.301 -0.0655823 -0.266421 -2.10994 -0.0850247 -0.0359374 -0.0127184 -0.0311767 -0.00346769 -0.015549 -0.0112048 0.548159 5.85019 0.06905 0.00186067 ;
8.93222 -0.0037204 -0.0118498 -0.0994719 -0.00809071 -0.00212495 -0.000647437 -0.00251381 -0.00010654 -0.000311378 -0.000409073 0.0119703 0.338746 0.00186067 0.00382694 ;
]
+++++++++++++
Iter 9

Size = 15
Data size = 120
[ 1.67906e+006 -519.344 -3219.75 -23054.4 -674.387 -275.193 -67.3919 -282.544 76.1455 620.561 255.481 4966.9 56839.8 209.639 24.7415 ;
-519.344 0.190173 0.786834 5.95382 0.241414 0.096494 0.0243943 0.0960261 -0.0304782 -0.0837706 -0.0990066 -1.23457 -13.7222 -0.0813631 -0.00747969 ;
-3219.75 0.786834 8.78644 55.8465 1.09339 0.390465 0.114124 0.412676 -0.0172698 -0.0862443 -0.0597688 -13.8882 -118.392 -0.352223 -0.0276661 ;
-23054.4 5.95382 55.8465 379.115 8.11656 2.99848 0.803339 3.17818 -0.15082 -0.80014 -0.523557 -87.5055 -811.911 -2.69951 -0.233561 ;
-674.387 0.241414 1.09339 8.11656 0.37873 0.127381 0.033365 0.129159 -0.0384737 -0.101982 -0.133539 -1.72174 -18.2169 -0.101894 -0.0148654 ;
-275.193 0.096494 0.390465 2.99848 0.127381 0.202499 0.0152319 0.0537622 -0.0229087 -0.0674112 -0.111714 -0.624676 -6.78753 -0.0391484 -0.00405456 ;
-67.3919 0.0243943 0.114124 0.803339 0.033365 0.0152319 0.0243943 0.0117453 -0.00481747 -0.0146314 -0.0175559 -0.20792 -1.72747 -0.0131624 -0.00126638 ;
-282.544 0.0960261 0.412676 3.17818 0.129159 0.0537622 0.0117453 0.0960261 -0.0133025 -0.040961 -0.0449205 -0.602346 -7.48393 -0.0409378 -0.00530935 ;
76.1455 -0.0304782 -0.0172698 -0.15082 -0.0384737 -0.0229087 -0.00481747 -0.0133025 0.0382638 0.105777 0.120425 -0.0169322 -0.171564 -0.00372429 -0.000143248 ;
620.561 -0.0837706 -0.0862443 -0.80014 -0.101982 -0.0674112 -0.0146314 -0.040961 0.105777 0.592964 0.354855 -0.0625947 -0.763884 -0.0136592 -0.000358299 ;
255.481 -0.0990066 -0.0597688 -0.523557 -0.133539 -0.111714 -0.0175559 -0.0449205 0.120425 0.354855 0.518989 -0.0464549 -0.515153 -0.0119421 -0.000551425 ;
4966.9 -1.23457 -13.8882 -87.5055 -1.72174 -0.624676 -0.20792 -0.602346 -0.0169322 -0.0625947 -0.0464549 31.1633 186.223 0.601581 0.0309385 ;
56839.8 -13.7222 -118.392 -811.911 -18.2169 -6.78753 -1.72747 -7.48393 -0.171564 -0.763884 -0.515153 186.223 1873.3 6.60729 0.720244 ;
209.639 -0.0813631 -0.352223 -2.69951 -0.101894 -0.0391484 -0.0131624 -0.0409378 -0.00372429 -0.0136592 -0.0119421 0.601581 6.60729 0.0850873 0.00366494 ;
24.7415 -0.00747969 -0.0276661 -0.233561 -0.0148654 -0.00405456 -0.00126638 -0.00530935 -0.000143248 -0.000358299 -0.000551425 0.0309385 0.720244 0.00366494 0.00762294 ;
]
+++++++++++++
Iter 10

Size = 15
Data size = 120
[ 2.42645e+006 -451.313 -2452.64 -18348.6 -595.018 -245.644 -61.2708 -245.188 72.1967 633.704 242.655 4151.88 49306.3 178.122 18.5224 ;
-451.313 0.122272 0.493155 3.7698 0.158025 0.0639733 0.0166191 0.0613908 -0.0210013 -0.0710753 -0.0684704 -0.82006 -9.00823 -0.0513072 -0.00405219 ;
-2452.64 0.493155 4.95336 32.6001 0.695748 0.251981 0.0745985 0.259673 -0.014063 -0.0866308 -0.0487045 -8.32355 -73.9643 -0.216819 -0.0143288 ;
-18348.6 3.7698 32.6001 227.528 5.2306 1.95556 0.533104 2.00822 -0.124639 -0.805753 -0.432912 -54.8592 -518.763 -1.68304 -0.121517 ;
-595.018 0.158025 0.695748 5.2306 0.249484 0.0852856 0.0226181 0.0838511 -0.0266884 -0.08774 -0.0924049 -1.15563 -12.2476 -0.0652512 -0.00830003 ;
-245.644 0.0639733 0.251981 1.95556 0.0852856 0.135838 0.0105485 0.0350425 -0.0159609 -0.0572919 -0.0778 -0.421619 -4.58391 -0.025937 -0.00225212 ;
-61.2708 0.0166191 0.0745985 0.533104 0.0226181 0.0105485 0.0166191 0.00797653 -0.00345568 -0.0120701 -0.0125638 -0.135356 -1.21416 -0.00875592 -0.00068046 ;
-245.188 0.0613908 0.259673 2.00822 0.0838511 0.0350425 0.00797653 0.0613908 -0.00924685 -0.0353288 -0.0313165 -0.404736 -4.8851 -0.0255134 -0.00285364 ;
72.1967 -0.0210013 -0.014063 -0.124639 -0.0266884 -0.0159609 -0.00345568 -0.00924685 0.026724 0.0921381 0.0844165 -0.0135037 -0.146187 -0.00290679 -0.000100803 ;
633.704 -0.0710753 -0.0866308 -0.805753 -0.08774 -0.0572919 -0.0120701 -0.0353288 0.0921381 0.634065 0.309856 -0.0650856 -0.844891 -0.0134225 -0.000310134 ;
242.655 -0.0684704 -0.0487045 -0.432912 -0.0924049 -0.0778 -0.0125638 -0.0313165 0.0844165 0.309856 0.364313 -0.037378 -0.445815 -0.00927686 -0.000384601 ;
4151.88 -0.82006 -8.32355 -54.8592 -1.15563 -0.421619 -0.135356 -0.404736 -0.0135037 -0.0650856 -0.037378 20.1456 125.995 0.393229 0.0156137 ;
49306.3 -9.00823 -73.9643 -518.763 -12.2476 -4.58391 -1.21416 -4.8851 -0.146187 -0.844891 -0.445815 125.995 1274.08 4.32306 0.387869 ;
178.122 -0.0513072 -0.216819 -1.68304 -0.0652512 -0.025937 -0.00875592 -0.0255134 -0.00290679 -0.0134225 -0.00927686 0.393229 4.32306 0.054214 0.00200739 ;
18.5224 -0.00405219 -0.0143288 -0.121517 -0.00830003 -0.00225212 -0.00068046 -0.00285364 -0.000100803 -0.000310134 -0.000384601 0.0156137 0.387869 0.00200739 0.00415299 ;
]
+++++++++++++
Iter 11

Size = 15
Data size = 120
[ 2.76764e+006 -497.378 -3005.29 -21740.8 -651.211 -265.783 -65.9691 -270.403 72.3778 635.871 243.412 4770.15 54792.3 200.572 22.3983 ;
-497.378 0.115692 0.47252 3.58755 0.148014 0.0598656 0.015319 0.0582493 -0.0207948 -0.0708477 -0.0677242 -0.748584 -8.30754 -0.0481588 -0.00423704 ;
-3005.29 0.47252 5.0974 32.7062 0.660891 0.237979 0.0703106 0.247784 -0.0140021 -0.0868632 -0.0484195 -8.19313 -70.7299 -0.209048 -0.0154492 ;
-21740.8 3.58755 32.7062 223.795 4.92535 1.83561 0.496604 1.91331 -0.124347 -0.808664 -0.431212 -52.2521 -487.986 -1.6063 -0.130747 ;
-651.211 0.148014 0.660891 4.92535 0.232902 0.079349 0.0209708 0.078887 -0.0263507 -0.0869913 -0.0911781 -1.05004 -11.1352 -0.0607853 -0.00851552 ;
-265.783 0.0598656 0.237979 1.83561 0.079349 0.126455 0.00981642 0.0330237 -0.0157301 -0.0566373 -0.0766559 -0.380979 -4.15435 -0.0235299 -0.00233067 ;
-65.9691 0.015319 0.0703106 0.496604 0.0209708 0.00981642 0.015319 0.0073794 -0.003389 -0.0118182 -0.0123098 -0.126 -1.0796 -0.00798065 -0.000711739 ;
-270.403 0.0582493 0.247784 1.91331 0.078887 0.0330237 0.0073794 0.0582493 -0.00918185 -0.0353538 -0.0310655 -0.366533 -4.52122 -0.0241393 -0.00300216 ;
72.3778 -0.0207948 -0.0140021 -0.124347 -0.0263507 -0.0157301 -0.003389 -0.00918185 0.0262425 0.090616 0.0828282 -0.0126953 -0.136786 -0.0027546 -0.000100014 ;
635.871 -0.0708477 -0.0868632 -0.808664 -0.0869913 -0.0566373 -0.0118182 -0.0353538 0.090616 0.624883 0.304379 -0.0599684 -0.78234 -0.0125949 -0.00030862 ;
243.412 -0.0677242 -0.0484195 -0.431212 -0.0911781 -0.0766559 -0.0123098 -0.0310655 0.0828282 0.304379 0.357307 -0.0349086 -0.414647 -0.00875947 -0.000380936 ;
4770.15 -0.748584 -8.19313 -52.2521 -1.05004 -0.380979 -0.126 -0.366533 -0.0126953 -0.0599684 -0.0349086 18.7945 113.772 0.364004 0.0171678 ;
54792.3 -8.30754 -70.7299 -487.986 -11.1352 -4.15435 -1.0796 -4.52122 -0.136786 -0.78234 -0.414647 113.772 1151.15 4.00853 0.40883 ;
200.572 -0.0481588 -0.209048 -1.6063 -0.0607853 -0.0235299 -0.00798065 -0.0241393 -0.0027546 -0.0125949 -0.00875947 0.364004 4.00853 0.0509134 0.00208966 ;
22.3983 -0.00423704 -0.0154492 -0.130747 -0.00851552 -0.00233067 -0.000711739 -0.00300216 -0.000100014 -0.00030862 -0.000380936 0.0171678 0.40883 0.00208966 0.00433705 ;
]
+++++++++++++
Iter 12

Size = 15
Data size = 120
[ 3.78876e+006 -477.717 -2840.64 -20720 -630.716 -257.11 -64.7517 -259.277 69.4374 638.64 233.586 4655.76 53212.7 192.048 20.0601 ;
-477.717 0.0847919 0.344532 2.62201 0.109235 0.0444692 0.0114945 0.0426072 -0.0160444 -0.0614006 -0.0523239 -0.553463 -6.11957 -0.0347817 -0.00290439 ;
-2840.64 0.344532 3.6283 23.4746 0.485055 0.1756 0.0523608 0.180775 -0.0118771 -0.0821825 -0.0409902 -5.93941 -51.6863 -0.151029 -0.0104222 ;
-20720 2.62201 23.4746 161.673 3.62543 1.35772 0.370696 1.39706 -0.106283 -0.765869 -0.36771 -38.3001 -358.424 -1.16271 -0.0882853 ;
-630.716 0.109235 0.485055 3.62543 0.172394 0.0591968 0.0157576 0.0580616 -0.020409 -0.0759164 -0.0704955 -0.780796 -8.2754 -0.0441687 -0.00590741 ;
-257.11 0.0444692 0.1756 1.35772 0.0591968 0.0943751 0.00746355 0.0243723 -0.0121704 -0.0487518 -0.0592868 -0.283013 -3.08942 -0.0172551 -0.0016196 ;
-64.7517 0.0114945 0.0523608 0.370696 0.0157576 0.00746355 0.0114945 0.00553808 -0.00264675 -0.0100043 -0.0095735 -0.0933899 -0.8174 -0.00590828 -0.000485882 ;
-259.277 0.0426072 0.180775 1.39706 0.0580616 0.0243723 0.00553808 0.0426072 -0.00713157 -0.0309646 -0.0241339 -0.271964 -3.32236 -0.0173561 -0.00204972 ;
69.4374 -0.0160444 -0.0118771 -0.106283 -0.020409 -0.0121704 -0.00264675 -0.00713157 0.020391 0.079538 0.0644637 -0.0105757 -0.118506 -0.00226388 -7.83058e-005 ;
638.64 -0.0614006 -0.0821825 -0.765869 -0.0759164 -0.0487518 -0.0100043 -0.0309646 0.079538 0.608473 0.266925 -0.0570713 -0.770531 -0.0116392 -0.000272428 ;
233.586 -0.0523239 -0.0409902 -0.36771 -0.0704955 -0.0592868 -0.0095735 -0.0241339 0.0644637 0.266925 0.278325 -0.0292046 -0.361902 -0.00718193 -0.000296442 ;
4655.76 -0.553463 -5.93941 -38.3001 -0.780796 -0.283013 -0.0933899 -0.271964 -0.0105757 -0.0570713 -0.0292046 13.8988 85.1896 0.268066 0.0114843 ;
53212.7 -6.11957 -51.6863 -358.424 -8.2754 -3.08942 -0.8174 -3.32236 -0.118506 -0.770531 -0.361902 85.1896 862.657 2.95479 0.279684 ;
192.048 -0.0347817 -0.151029 -1.16271 -0.0441687 -0.0172551 -0.00590828 -0.0173561 -0.00226388 -0.0116392 -0.00718193 0.268066 2.95479 0.0370455 0.00143918 ;
20.0601 -0.00290439 -0.0104222 -0.0882853 -0.00590741 -0.0016196 -0.000485882 -0.00204972 -7.83058e-005 -0.000272428 -0.000296442 0.0114843 0.279684 0.00143918 0.00298269 ;
]
+++++++++++++
Iter 13

Size = 15
Data size = 120
[ 3.68607e+006 -502.749 -3143.01 -22560.5 -660.54 -268.014 -67.1871 -272.848 70.4834 639.674 237.171 4985.71 56122.9 203.927 22.2769 ;
-502.749 0.0903125 0.369827 2.80392 0.115649 0.0469886 0.0120357 0.0454528 -0.0171291 -0.0636052 -0.0558209 -0.580183 -6.44654 -0.0370838 -0.00328026 ;
-3143.01 0.369827 4.05049 25.8697 0.517963 0.186652 0.0555834 0.193584 -0.0123708 -0.0832608 -0.0427002 -6.48357 -55.5426 -0.163198 -0.0119724 ;
-22560.5 2.80392 25.8697 176.33 3.85317 1.43822 0.390847 1.49395 -0.110552 -0.775944 -0.382581 -41.1112 -381.853 -1.24907 -0.101279 ;
-660.54 0.115649 0.517963 3.85317 0.182139 0.0623237 0.0165338 0.0616069 -0.0217395 -0.0783123 -0.0751166 -0.816408 -8.64573 -0.0468595 -0.00660261 ;
-268.014 0.0469886 0.186652 1.43822 0.0623237 0.099373 0.00782379 0.0258613 -0.0129604 -0.0504428 -0.0631354 -0.294856 -3.22132 -0.0180532 -0.00181622 ;
-67.1871 0.0120357 0.0555834 0.390847 0.0165338 0.00782379 0.0120357 0.00580669 -0.00280543 -0.0103521 -0.0101576 -0.099176 -0.842045 -0.00619507 -0.000548711 ;
-272.848 0.0454528 0.193584 1.49395 0.0616069 0.0258613 0.00580669 0.0454528 -0.00760601 -0.0320241 -0.025731 -0.283602 -3.50517 -0.0185777 -0.00232312 ;
70.4834 -0.0171291 -0.0123708 -0.110552 -0.0217395 -0.0129604 -0.00280543 -0.00760601 0.0216534 0.0816413 0.0684055 -0.0108154 -0.119678 -0.00233303 -8.33207e-005 ;
639.674 -0.0636052 -0.0832608 -0.775944 -0.0783123 -0.0504428 -0.0103521 -0.0320241 0.0816413 0.607267 0.273985 -0.0557361 -0.74736 -0.0115518 -0.000280697 ;
237.171 -0.0558209 -0.0427002 -0.382581 -0.0751166 -0.0631354 -0.0101576 -0.025731 0.0684055 0.273985 0.295231 -0.0297495 -0.363938 -0.00739554 -0.000315736 ;
4985.71 -0.580183 -6.48357 -41.1112 -0.816408 -0.294856 -0.099176 -0.283602 -0.0108154 -0.0557361 -0.0297495 14.766 88.8684 0.28364 0.0133061 ;
56122.9 -6.44654 -55.5426 -381.853 -8.64573 -3.22132 -0.842045 -3.50517 -0.119678 -0.74736 -0.363938 88.8684 898.519 3.11949 0.317012 ;
203.927 -0.0370838 -0.163198 -1.24907 -0.0468595 -0.0180532 -0.00619507 -0.0185777 -0.00233303 -0.0115518 -0.00739554 0.28364 3.11949 0.0394168 0.00161919 ;
22.2769 -0.00328026 -0.0119724 -0.101279 -0.00660261 -0.00181622 -0.000548711 -0.00232312 -8.33207e-005 -0.000280697 -0.000315736 0.0133061 0.317012 0.00161919 0.00336358 ;
]
+++++++++++++
Iter 14

Size = 15
Data size = 120
[ 7.22554e+006 -468.353 -2962.65 -21419.1 -630.062 -253.397 -66.4488 -251.563 64.6884 630.862 217.281 5090.74 54383.5 189.122 16.5969 ;
-468.353 0.0482297 0.198297 1.50787 0.0626956 0.0257042 0.00674274 0.0241745 -0.00957858 -0.0423419 -0.0312706 -0.322469 -3.54452 -0.0194843 -0.00149762 ;
-2962.65 0.198297 2.11225 13.6582 0.282505 0.102522 0.0313089 0.103497 -0.00797147 -0.0629091 -0.0273702 -3.54052 -30.2721 -0.0864999 -0.00523971 ;
-21419.1 1.50787 13.6582 93.9793 2.10832 0.791344 0.22039 0.798855 -0.0719169 -0.585976 -0.247404 -22.8192 -209.959 -0.662966 -0.044261 ;
-630.062 0.0626956 0.282505 2.10832 0.0994575 0.0344684 0.00932474 0.0332206 -0.0122728 -0.0529634 -0.0422929 -0.460197 -4.84559 -0.0249229 -0.00310706 ;
-253.397 0.0257042 0.102522 0.791344 0.0344684 0.0548711 0.00448124 0.0140035 -0.00727445 -0.0331641 -0.0354091 -0.165025 -1.80883 -0.00980565 -0.000862155 ;
-66.4488 0.00674274 0.0313089 0.22039 0.00932474 0.00448124 0.00674274 0.00325598 -0.0015974 -0.00673661 -0.00573318 -0.0562867 -0.491887 -0.00347122 -0.000252129 ;
-251.563 0.0241745 0.103497 0.798855 0.0332206 0.0140035 0.00325598 0.0241745 -0.00428713 -0.0215759 -0.0144953 -0.157924 -1.90878 -0.00964706 -0.00104202 ;
64.6884 -0.00957858 -0.00797147 -0.0719169 -0.0122728 -0.00727445 -0.0015974 -0.00428713 0.0123531 0.056005 0.0391106 -0.00714482 -0.084566 -0.00149068 -4.79979e-005 ;
630.862 -0.0423419 -0.0629091 -0.585976 -0.0529634 -0.0331641 -0.00673661 -0.0215759 0.056005 0.484968 0.187241 -0.0450515 -0.63391 -0.00872292 -0.000193708 ;
217.281 -0.0312706 -0.0273702 -0.247404 -0.0422929 -0.0354091 -0.00573318 -0.0144953 0.0391106 0.187241 0.168985 -0.0198621 -0.26082 -0.00472468 -0.000180263 ;
5090.74 -0.322469 -3.54052 -22.8192 -0.460197 -0.165025 -0.0562867 -0.157924 -0.00714482 -0.0450515 -0.0198621 8.37158 51.2755 0.156552 0.00571571 ;
54383.5 -3.54452 -30.2721 -209.959 -4.84559 -1.80883 -0.491887 -1.90878 -0.084566 -0.63391 -0.26082 51.2755 515.177 1.72263 0.143041 ;
189.122 -0.0194843 -0.0864999 -0.662966 -0.0249229 -0.00980565 -0.00347122 -0.00964706 -0.00149068 -0.00872292 -0.00472468 0.156552 1.72263 0.020975 0.000747773 ;
16.5969 -0.00149762 -0.00523971 -0.044261 -0.00310706 -0.000862155 -0.000252129 -0.00104202 -4.79979e-005 -0.000193708 -0.000180263 0.00571571 0.143041 0.000747773 0.00154561 ;
]
+++++++++++++
Iter 15

Size = 15
Data size = 120
[ 6.86008e+006 -528.21 -3690.34 -25901.6 -699.311 -279.384 -71.5886 -284.115 67.6892 640.642 227.69 5759.27 61574.9 217.701 21.3994 ;
-528.21 0.0557628 0.232539 1.75584 0.0714231 0.0292019 0.00746629 0.0280725 -0.0111325 -0.0463987 -0.0363113 -0.355199 -3.9978 -0.0225839 -0.00198383 ;
-3690.34 0.232539 2.66602 16.8497 0.324479 0.11708 0.0348547 0.121011 -0.00882398 -0.0660667 -0.0303435 -4.13552 -35.5188 -0.103531 -0.00724209 ;
-25901.6 1.75584 16.8497 113.84 2.40526 0.899215 0.24319 0.931536 -0.0794339 -0.615552 -0.273787 -25.9892 -242.23 -0.782182 -0.0611245 ;
-699.311 0.0714231 0.324479 2.40526 0.112458 0.0386785 0.0102632 0.0380071 -0.0141874 -0.0574709 -0.0489454 -0.498725 -5.34293 -0.0285464 -0.00402485 ;
-279.384 0.0292019 0.11708 0.899215 0.0386785 0.0618686 0.00495618 0.0160271 -0.00841829 -0.0362855 -0.0409825 -0.17874 -1.99216 -0.0109099 -0.00112824 ;
-71.5886 0.00746629 0.0348547 0.24319 0.0102632 0.00495618 0.00746629 0.00360273 -0.001829 -0.00731771 -0.00658453 -0.0610426 -0.52197 -0.00386366 -0.000328101 ;
-284.115 0.0280725 0.121011 0.931536 0.0380071 0.0160271 0.00360273 0.0280725 -0.00497082 -0.0235781 -0.0168066 -0.173309 -2.16592 -0.0112938 -0.00139801 ;
67.6892 -0.0111325 -0.00882398 -0.0794339 -0.0141874 -0.00841829 -0.001829 -0.00497082 0.0141771 0.06008 0.0448421 -0.00754637 -0.0872214 -0.00160711 -5.53726e-005 ;
640.642 -0.0463987 -0.0660667 -0.615552 -0.0574709 -0.0362855 -0.00731771 -0.0235781 0.06008 0.493019 0.20114 -0.0433455 -0.604439 -0.00873047 -0.000210628 ;
227.69 -0.0363113 -0.0303435 -0.273787 -0.0489454 -0.0409825 -0.00658453 -0.0168066 0.0448421 0.20114 0.193665 -0.0208086 -0.26709 -0.00508459 -0.000208311 ;
5759.27 -0.355199 -4.13552 -25.9892 -0.498725 -0.17874 -0.0610426 -0.173309 -0.00754637 -0.0433455 -0.0208086 9.12982 55.2311 0.177959 0.00800162 ;
61574.9 -3.9978 -35.5188 -242.23 -5.34293 -1.99216 -0.52197 -2.16592 -0.0872214 -0.604439 -0.26709 55.2311 566.744 1.95293 0.192177 ;
217.701 -0.0225839 -0.103531 -0.782182 -0.0285464 -0.0109099 -0.00386366 -0.0112938 -0.00160711 -0.00873047 -0.00508459 0.177959 1.95293 0.024191 0.000977577 ;
21.3994 -0.00198383 -0.00724209 -0.0611245 -0.00402485 -0.00112824 -0.000328101 -0.00139801 -5.53726e-005 -0.000210628 -0.000208311 0.00800162 0.192177 0.000977577 0.00203921 ;
]
+++++++++++++
Iter 18

Size = 15
Data size = 120
[ 5.59647e+006 -563.139 -4711.07 -32587.3 -751.07 -301.819 -78.0625 -292.713 76.3725 633.003 255.797 7143.16 71972.9 232.073 13.5939 ;
-563.139 0.0929828 0.415365 3.12674 0.119342 0.0487305 0.0127472 0.0467459 -0.012568 -0.0389591 -0.0410931 -0.648849 -7.63501 -0.0409907 -0.00281377 ;
-4711.07 0.415365 4.91472 31.4427 0.566792 0.211688 0.0590208 0.214358 -0.00775587 -0.0442255 -0.0268838 -7.17811 -67.7686 -0.195155 -0.010566 ;
-32587.3 3.12674 31.4427 214.011 4.21747 1.61455 0.424296 1.63102 -0.0680577 -0.408131 -0.236742 -46.6068 -467.537 -1.46593 -0.0858148 ;
-751.07 0.119342 0.566792 4.21747 0.186758 0.0644542 0.0171431 0.0632499 -0.0161817 -0.048905 -0.0563781 -0.874469 -10.1079 -0.0516758 -0.00590536 ;
-301.819 0.0487305 0.211688 1.61455 0.0644542 0.103909 0.00862372 0.0267605 -0.00963046 -0.0315339 -0.0468809 -0.327448 -3.93269 -0.020824 -0.00188179 ;
-78.0625 0.0127472 0.0590208 0.424296 0.0171431 0.00862372 0.0127472 0.00617333 -0.00205343 -0.00676899 -0.00745334 -0.0991144 -1.03107 -0.00780115 -0.000532409 ;
-292.713 0.0467459 0.214358 1.63102 0.0632499 0.0267605 0.00617333 0.0467459 -0.00536591 -0.0186847 -0.0182086 -0.320535 -4.03096 -0.0202769 -0.0018354 ;
76.3725 -0.012568 -0.00775587 -0.0680577 -0.0161817 -0.00963046 -0.00205343 -0.00536591 0.0166045 0.0523865 0.0525454 -0.00951866 -0.106761 -0.00202842 -6.11951e-005 ;
633.003 -0.0389591 -0.0442255 -0.408131 -0.048905 -0.0315339 -0.00676899 -0.0186847 0.0523865 0.336157 0.176381 -0.0409791 -0.542882 -0.00822643 -0.000183256 ;
255.797 -0.0410931 -0.0268838 -0.236742 -0.0563781 -0.0468809 -0.00745334 -0.0182086 0.0525454 0.176381 0.227099 -0.0266918 -0.334613 -0.00659802 -0.000234265 ;
7143.16 -0.648849 -7.17811 -46.6068 -0.874469 -0.327448 -0.0991144 -0.320535 -0.00951866 -0.0409791 -0.0266918 15.0603 103.509 0.331735 0.0102028 ;
71972.9 -7.63501 -67.7686 -467.537 -10.1079 -3.93269 -1.03107 -4.03096 -0.106761 -0.542882 -0.334613 103.509 1158.27 3.7648 0.298127 ;
232.073 -0.0409907 -0.195155 -1.46593 -0.0516758 -0.020824 -0.00780115 -0.0202769 -0.00202842 -0.00822643 -0.00659802 0.331735 3.7648 0.0430191 0.00138659 ;
13.5939 -0.00281377 -0.010566 -0.0858148 -0.00590536 -0.00188179 -0.000532409 -0.0018354 -6.11951e-005 -0.000183256 -0.000234265 0.0102028 0.298127 0.00138659 0.00287497 ;
]
+++++++++++++
Iter 19

Size = 15
Data size = 120
[ 5.69099e+006 -583.089 -5069.24 -34787.3 -769.785 -309.961 -80.2354 -303.094 76.7273 632.001 256.952 7447.48 75488.3 242.444 14.5922 ;
-583.089 0.0961243 0.433087 3.25046 0.122712 0.0501224 0.01305 0.0483947 -0.0129734 -0.039527 -0.0424025 -0.662517 -7.86592 -0.0424397 -0.00300245 ;
-5069.24 0.433087 5.29608 33.6724 0.583052 0.218429 0.0609069 0.223506 -0.00789561 -0.0442605 -0.0273599 -7.50409 -71.3662 -0.204595 -0.0113256 ;
-34787.3 3.25046 33.6724 227.748 4.33333 1.66464 0.437812 1.69577 -0.0691686 -0.408262 -0.240524 -48.4759 -489.366 -1.53039 -0.092217 ;
-769.785 0.122712 0.583052 4.33333 0.191259 0.0659777 0.0174589 0.0651259 -0.0166901 -0.0495358 -0.0581613 -0.881236 -10.3089 -0.0532319 -0.00628162 ;
-309.961 0.0501224 0.218429 1.66464 0.0659777 0.106707 0.00888262 0.0275348 -0.00993013 -0.0319621 -0.0483375 -0.331707 -4.01707 -0.0214019 -0.00199846 ;
-80.2354 0.01305 0.0609069 0.437812 0.0174589 0.00888262 0.01305 0.00633987 -0.00210979 -0.00686307 -0.00765872 -0.0995346 -1.05034 -0.00802814 -0.00056289 ;
-303.094 0.0483947 0.223506 1.69577 0.0651259 0.0275348 0.00633987 0.0483947 -0.00553499 -0.0189348 -0.0187759 -0.327287 -4.15867 -0.0210612 -0.00197371 ;
76.7273 -0.0129734 -0.00789561 -0.0691686 -0.0166901 -0.00993013 -0.00210979 -0.00553499 0.0171076 0.052943 0.0541151 -0.00967775 -0.107969 -0.0020689 -6.30713e-005 ;
632.001 -0.039527 -0.0442605 -0.408262 -0.0495358 -0.0319621 -0.00686307 -0.0189348 0.052943 0.333855 0.178186 -0.0406018 -0.5356 -0.0082096 -0.000186257 ;
256.952 -0.0424025 -0.0273599 -0.240524 -0.0581613 -0.0483375 -0.00765872 -0.0187759 0.0541151 0.178186 0.233846 -0.0271074 -0.337978 -0.00673104 -0.000241541 ;
7447.48 -0.662517 -7.50409 -48.4759 -0.881236 -0.331707 -0.0995346 -0.327287 -0.00967775 -0.0406018 -0.0271074 15.2923 106.055 0.341116 0.0111832 ;
75488.3 -7.86592 -71.3662 -489.366 -10.3089 -4.01707 -1.05034 -4.15867 -0.107969 -0.5356 -0.337978 106.055 1193.7 3.88601 0.315368 ;
242.444 -0.0424397 -0.204595 -1.53039 -0.0532319 -0.0214019 -0.00802814 -0.0210612 -0.0020689 -0.0082096 -0.00673104 0.341116 3.88601 0.0445086 0.00147646 ;
14.5922 -0.00300245 -0.0113256 -0.092217 -0.00628162 -0.00199846 -0.00056289 -0.00197371 -6.30713e-005 -0.000186257 -0.000241541 0.0111832 0.315368 0.00147646 0.00306552 ;
]
+++++++++++++
Iter 20

Size = 15
Data size = 120
[ 1.12319e+007 -457.226 -3537.95 -25038.7 -640.074 -252.817 -69.1727 -233.361 69.4337 636.932 232.097 6433.45 57938.4 179.858 7.43797 ;
-457.226 0.0403862 0.176308 1.33958 0.0533571 0.0219964 0.00605841 0.0200033 -0.00611323 -0.0246504 -0.0200754 -0.303654 -3.40158 -0.0173147 -0.000999343 ;
-3537.95 0.176308 1.90573 12.4745 0.25303 0.0940431 0.0276884 0.0895191 -0.00466663 -0.0341369 -0.0161649 -3.25533 -28.7242 -0.0799115 -0.00374189 ;
-25038.7 1.33958 12.4745 86.6222 1.89129 0.721111 0.19939 0.686346 -0.0417226 -0.315789 -0.144908 -21.4446 -202.224 -0.609897 -0.0296825 ;
-640.074 0.0533571 0.25303 1.89129 0.0852145 0.029869 0.0083873 0.0278801 -0.00796255 -0.0315435 -0.0276634 -0.429521 -4.70347 -0.0224013 -0.0021436 ;
-252.817 0.0219964 0.0940431 0.721111 0.029869 0.047413 0.00418259 0.0118753 -0.0047271 -0.0198258 -0.0230137 -0.155433 -1.82689 -0.00925453 -0.000723386 ;
-69.1727 0.00605841 0.0276884 0.19939 0.0083873 0.00418259 0.00605841 0.002905 -0.00104278 -0.00418325 -0.00376111 -0.0521543 -0.51138 -0.00363075 -0.00021255 ;
-233.361 0.0200033 0.0895191 0.686346 0.0278801 0.0118753 0.002905 0.0200033 -0.00264539 -0.0120701 -0.00899898 -0.146164 -1.75087 -0.00836232 -0.000616037 ;
69.4337 -0.00611323 -0.00466663 -0.0417226 -0.00796255 -0.0047271 -0.00104278 -0.00264539 0.00826495 0.0345242 0.0262981 -0.00562733 -0.0681436 -0.00113584 -3.0778e-005 ;
636.932 -0.0246504 -0.0341369 -0.315789 -0.0315435 -0.0198258 -0.00418325 -0.0120701 0.0345242 0.28205 0.116376 -0.0334241 -0.469043 -0.00605696 -0.000114317 ;
232.097 -0.0200754 -0.0161649 -0.144908 -0.0276634 -0.0230137 -0.00376111 -0.00899898 0.0262981 0.116376 0.113964 -0.0159773 -0.216812 -0.00368437 -0.000116945 ;
6433.45 -0.303654 -3.25533 -21.4446 -0.429521 -0.155433 -0.0521543 -0.146164 -0.00562733 -0.0334241 -0.0159773 7.72084 50.9189 0.149595 0.00326677 ;
57938.4 -3.40158 -28.7242 -202.224 -4.70347 -1.82689 -0.51138 -1.75087 -0.0681436 -0.469043 -0.216812 50.9189 537.418 1.66403 0.112467 ;
179.858 -0.0173147 -0.0799115 -0.609897 -0.0224013 -0.00925453 -0.00363075 -0.00836232 -0.00113584 -0.00605696 -0.00368437 0.149595 1.66403 0.0184505 0.000506977 ;
7.43797 -0.000999343 -0.00374189 -0.0296825 -0.0021436 -0.000723386 -0.00021255 -0.000616037 -3.0778e-005 -0.000114317 -0.000116945 0.00326677 0.112467 0.000506977 0.00103012 ;
]
+++++++++++++
Iter 21

Size = 15
Data size = 120
[ 1.27183e+007 -605.835 -6029.29 -40758.7 -795.618 -319.255 -84.8968 -312.544 73.3084 642.156 245.23 8726.07 83471.7 259.393 15.5274 ;
-605.835 0.0522214 0.240902 1.79914 0.0666641 0.0275716 0.0073063 0.0261909 -0.00772767 -0.0280891 -0.0253374 -0.358734 -4.32867 -0.0227326 -0.00160344 ;
-6029.29 0.240902 3.16596 20.0305 0.320226 0.121484 0.0344014 0.123828 -0.00541418 -0.0360535 -0.0187639 -4.39054 -41.2602 -0.115323 -0.00710684 ;
-40758.7 1.79914 20.0305 134.433 2.37334 0.924903 0.248501 0.932386 -0.0480266 -0.332949 -0.166944 -28.335 -281.227 -0.855706 -0.0561574 ;
-795.618 0.0666641 0.320226 2.37334 0.103705 0.0363042 0.00979052 0.0352423 -0.0100011 -0.0354934 -0.0348158 -0.47175 -5.63004 -0.0284917 -0.00334525 ;
-319.255 0.0275716 0.121484 0.924903 0.0363042 0.0589773 0.00524831 0.0149944 -0.0059432 -0.0225136 -0.0289237 -0.176658 -2.21813 -0.0115507 -0.00113096 ;
-84.8968 0.0073063 0.0344014 0.248501 0.00979052 0.00524831 0.0073063 0.00359264 -0.00128527 -0.00471389 -0.00465225 -0.0536945 -0.592494 -0.00450931 -0.000316125 ;
-312.544 0.0261909 0.123828 0.932386 0.0352423 0.0149944 0.00359264 0.0261909 -0.00332376 -0.0136661 -0.0112953 -0.175656 -2.26462 -0.011252 -0.00101826 ;
73.3084 -0.00772767 -0.00541418 -0.0480266 -0.0100011 -0.0059432 -0.00128527 -0.00332376 0.0102884 0.0381308 0.0326751 -0.00634231 -0.0746099 -0.00131978 -3.86734e-005 ;
642.156 -0.0280891 -0.0360535 -0.332949 -0.0354934 -0.0225136 -0.00471389 -0.0136661 0.0381308 0.282664 0.128615 -0.0320284 -0.443282 -0.0061352 -0.000132304 ;
245.23 -0.0253374 -0.0187639 -0.166944 -0.0348158 -0.0289237 -0.00465225 -0.0112953 0.0326751 0.128615 0.14146 -0.017874 -0.23632 -0.00428686 -0.000147276 ;
8726.07 -0.358734 -4.39054 -28.335 -0.47175 -0.176658 -0.0536945 -0.175656 -0.00634231 -0.0320284 -0.017874 8.76101 60.2317 0.188708 0.00849679 ;
83471.7 -4.32867 -41.2602 -281.227 -5.63004 -2.21813 -0.592494 -2.26462 -0.0746099 -0.443282 -0.23632 60.2317 684.899 2.16026 0.186067 ;
259.393 -0.0227326 -0.115323 -0.855706 -0.0284917 -0.0115507 -0.00450931 -0.011252 -0.00131978 -0.0061352 -0.00428686 0.188708 2.16026 0.0240524 0.00079563 ;
15.5274 -0.00160344 -0.00710684 -0.0561574 -0.00334525 -0.00113096 -0.000316125 -0.00101826 -3.86734e-005 -0.000132304 -0.000147276 0.00849679 0.186067 0.00079563 0.00164212 ;
]
+++++++++++++
Iter 22

Size = 15
Data size = 120
[ 1.25707e+007 -600.378 -5890.12 -39895.8 -790.014 -317.179 -84.1902 -309.837 73.1992 642.144 244.865 8541.44 82227.5 256.154 14.9297 ;
-600.378 0.0518123 0.238224 1.78081 0.0662204 0.0273855 0.00726072 0.0259774 -0.0076714 -0.0279834 -0.0251545 -0.356302 -4.29505 -0.0225423 -0.00157777 ;
-5890.12 0.238224 3.09174 19.5893 0.317477 0.120519 0.0340558 0.122484 -0.00539043 -0.0360123 -0.0186818 -4.2993 -40.5998 -0.113724 -0.00685666 ;
-39895.8 1.78081 19.5893 131.692 2.35449 0.917795 0.246119 0.923133 -0.0478309 -0.332596 -0.166265 -27.7704 -277.182 -0.844976 -0.054259 ;
-790.014 0.0662204 0.317477 2.35449 0.103106 0.0360962 0.00973818 0.0349958 -0.00993016 -0.0353731 -0.0345667 -0.469492 -5.59824 -0.0282853 -0.00329444 ;
-317.179 0.0273855 0.120519 0.917795 0.0360962 0.0585906 0.00520523 0.0148927 -0.00590097 -0.0224317 -0.0287186 -0.176163 -2.20589 -0.0114714 -0.00111503 ;
-84.1902 0.00726072 0.0340558 0.246119 0.00973818 0.00520523 0.00726072 0.00356591 -0.00127697 -0.00469722 -0.00462175 -0.0535592 -0.588916 -0.00447588 -0.000312116 ;
-309.837 0.0259774 0.122484 0.923133 0.0349958 0.0148927 0.00356591 0.0259774 -0.00330024 -0.0136181 -0.0112159 -0.174687 -2.24677 -0.0111501 -0.00100181 ;
73.1992 -0.0076714 -0.00539043 -0.0478309 -0.00993016 -0.00590097 -0.00127697 -0.00330024 0.0102179 0.0380226 0.0324536 -0.00631776 -0.0743968 -0.00131355 -3.83994e-005 ;
642.144 -0.0279834 -0.0360123 -0.332596 -0.0353731 -0.0224317 -0.00469722 -0.0136181 0.0380226 0.282804 0.128251 -0.0320788 -0.444263 -0.00613485 -0.000131732 ;
244.865 -0.0251545 -0.0186818 -0.166265 -0.0345667 -0.0287186 -0.00462175 -0.0112159 0.0324536 0.128251 0.140507 -0.0178089 -0.235682 -0.00426637 -0.000146221 ;
8541.44 -0.356302 -4.2993 -27.7704 -0.469492 -0.176163 -0.0535592 -0.174687 -0.00631776 -0.0320788 -0.0178089 8.59497 59.5172 0.186835 0.00788384 ;
82227.5 -4.29505 -40.5998 -277.182 -5.59824 -2.20589 -0.588916 -2.24677 -0.0743968 -0.444263 -0.235682 59.5172 678.29 2.14124 0.182459 ;
256.154 -0.0225423 -0.113724 -0.844976 -0.0282853 -0.0114714 -0.00447588 -0.0111501 -0.00131355 -0.00613485 -0.00426637 0.186835 2.14124 0.0238558 0.000782511 ;
14.9297 -0.00157777 -0.00685666 -0.054259 -0.00329444 -0.00111503 -0.000312116 -0.00100181 -3.83994e-005 -0.000131732 -0.000146221 0.00788384 0.182459 0.000782511 0.00161617 ;
]
+++++++++++++
Iter 24

Size = 15
Data size = 120
[ 1.75859e+007 -554.821 -5009.35 -34436.3 -743.518 -296.704 -78.2497 -286.781 67.7961 637.146 226.13 7562.57 73873.8 233.626 11.8812 ;
-554.821 0.0328529 0.146949 1.10647 0.0424764 0.0176313 0.00471037 0.0163999 -0.00540122 -0.0229771 -0.0177401 -0.226041 -2.69108 -0.0139574 -0.00093343 ;
-5009.35 0.146949 1.75849 11.2779 0.20024 0.0761152 0.0212448 0.0756205 -0.00430837 -0.0330882 -0.0149009 -2.53924 -24.2445 -0.0686734 -0.00373994 ;
-34436.3 1.10647 11.2779 76.8054 1.49212 0.581279 0.154203 0.573775 -0.0386301 -0.305972 -0.133921 -16.5476 -167.495 -0.514311 -0.0297229 ;
-743.518 0.0424764 0.20024 1.49212 0.066702 0.0234692 0.00638241 0.0223453 -0.00702238 -0.0292408 -0.0243899 -0.303948 -3.57324 -0.0177064 -0.00196169 ;
-296.704 0.0176313 0.0761152 0.581279 0.0234692 0.0378477 0.00337324 0.00954106 -0.00416003 -0.0182579 -0.0202463 -0.114105 -1.40296 -0.00717458 -0.000667268 ;
-78.2497 0.00471037 0.0212448 0.154203 0.00638241 0.00337324 0.00471037 0.00229503 -0.000913788 -0.00377375 -0.0032936 -0.0349946 -0.375406 -0.00281323 -0.000189029 ;
-286.781 0.0163999 0.0756205 0.573775 0.0223453 0.00954106 0.00229503 0.0163999 -0.00235341 -0.0113728 -0.0080013 -0.111323 -1.40517 -0.00685203 -0.000588917 ;
67.7961 -0.00540122 -0.00430837 -0.0386301 -0.00702238 -0.00416003 -0.000913788 -0.00235341 0.00723103 0.0315732 0.0230223 -0.00477774 -0.0584345 -0.000968117 -2.76162e-005 ;
637.146 -0.0229771 -0.0330882 -0.305972 -0.0292408 -0.0182579 -0.00377375 -0.0113728 0.0315732 0.267813 0.106388 -0.028819 -0.411323 -0.00526293 -0.000107341 ;
226.13 -0.0177401 -0.0149009 -0.133921 -0.0243899 -0.0202463 -0.0032936 -0.0080013 0.0230223 0.106388 0.0997826 -0.0135194 -0.185531 -0.00313005 -0.000104557 ;
7562.57 -0.226041 -2.53924 -16.5476 -0.303948 -0.114105 -0.0349946 -0.111323 -0.00477774 -0.028819 -0.0135194 5.25159 37.0498 0.116959 0.00360242 ;
73873.8 -2.69108 -24.2445 -167.495 -3.57324 -1.40296 -0.375406 -1.40517 -0.0584345 -0.411323 -0.185531 37.0498 422.895 1.33993 0.106948 ;
233.626 -0.0139574 -0.0686734 -0.514311 -0.0177064 -0.00717458 -0.00281323 -0.00685203 -0.000968117 -0.00526293 -0.00313005 0.116959 1.33993 0.0149255 0.000466256 ;
11.8812 -0.00093343 -0.00373994 -0.0297229 -0.00196169 -0.000667268 -0.000189029 -0.000588917 -2.76162e-005 -0.000107341 -0.000104557 0.00360242 0.106948 0.000466256 0.000961046 ;
]
+++++++++++++
Iter 25

Size = 15
Data size = 120
[ 1.92386e+007 -605.361 -6158.06 -41543.2 -794.421 -316.873 -84.5962 -312.189 69.1624 640.999 230.8 8943.29 84502.2 261.978 16.2791 ;
-605.361 0.0354311 0.162847 1.21614 0.0452909 0.0188248 0.00499548 0.0177416 -0.00580696 -0.0239976 -0.0190673 -0.23973 -2.89541 -0.0151185 -0.00108494 ;
-6158.06 0.162847 2.16295 13.6721 0.216146 0.0820474 0.023226 0.0836438 -0.00452123 -0.0338416 -0.0156456 -2.99696 -27.9369 -0.0777195 -0.00496168 ;
-41543.2 1.21614 13.6721 91.6499 1.6026 0.625351 0.167996 0.629666 -0.0404555 -0.312815 -0.140342 -19.3331 -190.081 -0.575473 -0.0390993 ;
-794.421 0.0452909 0.216146 1.6026 0.0705144 0.0248112 0.00670875 0.0239004 -0.00753432 -0.0304151 -0.0261865 -0.315118 -3.76367 -0.0189699 -0.00226153 ;
-316.873 0.0188248 0.0820474 0.625351 0.0248112 0.0403251 0.00364155 0.0101887 -0.00446625 -0.0190512 -0.0217357 -0.117345 -1.47921 -0.00765612 -0.00076427 ;
-84.5962 0.00499548 0.023226 0.167996 0.00670875 0.00364155 0.00499548 0.00246005 -0.000975407 -0.00392204 -0.00352047 -0.0357183 -0.396104 -0.00301433 -0.000213431 ;
-312.189 0.0177416 0.0836438 0.629666 0.0239004 0.0101887 0.00246005 0.0177416 -0.00252571 -0.0118592 -0.00858584 -0.117106 -1.51391 -0.00747616 -0.000688155 ;
69.1624 -0.00580696 -0.00452123 -0.0404555 -0.00753432 -0.00446625 -0.000975407 -0.00252571 0.00773497 0.0326474 0.0246177 -0.00495119 -0.0600432 -0.00101301 -2.9668e-005 ;
640.999 -0.0239976 -0.0338416 -0.312815 -0.0304151 -0.0190512 -0.00392204 -0.0118592 0.0326474 0.269587 0.110079 -0.0284768 -0.405144 -0.00529082 -0.000112681 ;
230.8 -0.0190673 -0.0156456 -0.140342 -0.0261865 -0.0217357 -0.00352047 -0.00858584 0.0246177 0.110079 0.106678 -0.0139792 -0.190437 -0.00327632 -0.00011239 ;
8943.29 -0.23973 -2.99696 -19.3331 -0.315118 -0.117345 -0.0357183 -0.117106 -0.00495119 -0.0284768 -0.0139792 5.97904 40.6652 0.127019 0.00630108 ;
84502.2 -2.89541 -27.9369 -190.081 -3.76367 -1.47921 -0.396104 -1.51391 -0.0600432 -0.405144 -0.190437 40.6652 460.94 1.4519 0.12696 ;
261.978 -0.0151185 -0.0777195 -0.575473 -0.0189699 -0.00765612 -0.00301433 -0.00747616 -0.00101301 -0.00529082 -0.00327632 0.127019 1.4519 0.0161315 0.000541783 ;
