<!DOCTYPE HTML PUBLIC "-//W3C//DTD HTML 4.01 Transitional//EN">

<html>
<head>
<script src="http://transp-or.epfl.ch/biogeme/sorttable.js"></script>
<meta http-equiv='Content-Type' content='text/html; charset=utf-8' />
<title>simul_Model_4.html - Report from biogeme 2.6a [Sun Aug 26 15:54:37 BST 2018]</title>
<meta name="keywords" content="biogeme, discrete choice, random utility">
<meta name="description" content="Report from biogeme 2.6a [Sun Aug 26 15:54:37 BST 2018]">
<meta name="author" content="Michel Bierlaire">
<style type=text/css>
<!--table
.biostyle
	{font-size:10.0pt;
	font-weight:400;
	font-style:normal;
	font-family:Courier;}
.boundstyle
	{font-size:10.0pt;
	font-weight:400;
	font-style:normal;
	font-family:Courier;
        color:red}
-->
</style>
</head>

<body bgcolor="#ffffff">
<p>biogeme 2.6a [Sun Aug 26 15:54:37 BST 2018]</p>
<p>Home page: <a href='http://biogeme.epfl.ch' target='_blank'>http://biogeme.epfl.ch</a></p>
<p>Submit questions to <a href='https://groups.google.com/d/forum/biogeme' target='_blank'>https://groups.google.com/d/forum/biogeme</a></p>
<p><a href='http://people.epfl.ch/michel.bierlaire'>Michel Bierlaire</a>, <a href='http://transp-or.epfl.ch'>Transport and Mobility Laboratory</a>, <a href='http://www.epfl.ch'>Ecole Polytechnique F&eacute;d&eacute;rale de Lausanne (EPFL)</a></p>
<p>This file has automatically been generated on
Sun Dec 16 15:17:07 2018</p>
<p>If you drag this HTML file into the Calc application of <a href='http://www.openoffice.org/' target='_blank'>OpenOffice</a>, or the spreadsheet of <a href='https://www.libreoffice.org/' target='_blank'>LibreOffice</a>, you will be able to perform additional calculations.</p><table><tr class=biostyle><td align=right><strong>Report file</strong>:	</td><td>simul_Model_4.html</td></tr><tr class=biostyle><td align=right><strong>Sample file</strong>:	</td><td>__bin_optimaDataset_6.dat</td></tr></table><h1>Formulas</h1>
<table border="0">
<tr class=biostyle><td align=right><strong><em>Car utility:</em></strong>	</td><td><em>ASC_CAR * one + BETA_COST_SHARE_CAR * CostCarShare_norm + ( BETA_TIME_CAR * ( ( TimeCar ^ LAMBDA_TIME_CAR ) - ( 1 ) ) ) / LAMBDA_TIME_CAR + BETA_NbCar * NbCars + BETA_NbChild * NbChildren + BETA_LANGUAGE * FrenchRegion + BETA_WorkTrip * WORK</em></td></tr><tr class=biostyle><td align=right><strong><em>PT utility:</em></strong>	</td><td><em>BETA_COST_SHARE_PT * CostPTShare_norm + ( BETA_TIME_PT * ( ( TimePT ^ LAMBDA_TIME_PT ) - ( 1 ) ) ) / LAMBDA_TIME_PT + BETA_Urban * URBAN + BETA_Student * STUDENT</em></td></tr><tr class=biostyle><td align=right><strong><em>SM utility:</em></strong>	</td><td><em>ASC_SM * one + ( BETA_DIST * ( ( distance_km ^ LAMBDA_DIST ) - ( 1 ) ) ) / LAMBDA_DIST + BETA_Nbikes * NbBikes</em></td></tr></table>
<h1>Statistics</h1>
<table border="0">
<tr class=biostyle><td align=right><strong><em>Alt. 0 available:</em></strong>	</td><td><em>1550</em></td></tr><tr class=biostyle><td align=right><strong><em>Alt. 0 chosen:</em></strong>	</td><td><em>426</em></td></tr><tr class=biostyle><td align=right><strong><em>Alt. 1 available:</em></strong>	</td><td><em>1550</em></td></tr><tr class=biostyle><td align=right><strong><em>Alt. 1 chosen:</em></strong>	</td><td><em>1030</em></td></tr><tr class=biostyle><td align=right><strong><em>Alt. 2 available:</em></strong>	</td><td><em>1550</em></td></tr><tr class=biostyle><td align=right><strong><em>Alt. 2 chosen:</em></strong>	</td><td><em>94</em></td></tr><tr class=biostyle><td align=right><strong><em>Cte loglikelihood (only for full choice sets):</em></strong>	</td><td><em>-1234.62</em></td></tr><tr class=biostyle><td align=right><strong><em>Normalization for elasticities CAR:</em></strong>	</td><td><em>979.301</em></td></tr><tr class=biostyle><td align=right><strong><em>Normalization for elasticities PT:</em></strong>	</td><td><em>480.155</em></td></tr><tr class=biostyle><td align=right><strong><em>Null loglikelihood:</em></strong>	</td><td><em>-1702.85</em></td></tr></table>
<h1>Simulation report</h1>

<p>Number of draws for Monte-Carlo: 1000</p>
<p>Type of draws: MLHS</p>
<h2>Aggregate values</h2><table border='1'>
<tr><th></th><th>01 Prob CAR</th><th>02 Prob PT</th><th>03 Prob SM</th><th>__weight</th></tr><tr><th>Total</th><td>1030</td><td>425.999</td><td>94.0006</td><td>1550</td></tr><tr><th>Weighted total</th><td>979.301</td><td>480.155</td><td>90.5442</td><td>3892.04</td></tr><tr><th>Average</th><td>0.664516</td><td>0.274838</td><td>0.0606456</td><td>1</td></tr><tr><th>Weighted average</th><td>0.631807</td><td>0.309777</td><td>0.0584156</td><td>2.51099</td></tr><tr><th>Non zeros</th><td>1550</td><td>1550</td><td>1550</td><td>1550</td></tr><tr><th>Non zeros average</th><td>0.664516</td><td>0.274838</td><td>0.0606456</td><td>1</td></tr><tr><th>Weighted non zeros average</th><td>0.631807</td><td>0.309777</td><td>0.0584156</td><td>2.51099</td></tr><tr><th>Minimum</th><td>0.000101864</td><td>0.000199184</td><td>2.18508e-07</td><td>0.186214</td></tr><tr><th>Maximum</th><td>0.997492</td><td>0.999898</td><td>0.935418</td><td>18.289</td></tr></table><h2>Detailed records</h2><table border='1'>
<tr><th>Row</th><th>01 Prob CAR</th><th>02 Prob PT</th><th>03 Prob SM</th><th>__weight</th></tr><tr><td>1</td><td>0.954709</td><td>0.0394984</td><td>0.00579235</td><td>0.914458</td></tr><tr><td>2</td><td>0.880026</td><td>0.111048</td><td>0.00892604</td><td>0.386773</td></tr><tr><td>3</td><td>0.688483</td><td>0.253649</td><td>0.0578677</td><td>2.10135</td></tr><tr><td>4</td><td>0.298928</td><td>0.678438</td><td>0.0226341</td><td>11.5361</td></tr><tr><td>5</td><td>0.611217</td><td>0.0802932</td><td>0.30849</td><td>0.888772</td></tr><tr><td>6</td><td>0.440642</td><td>0.552523</td><td>0.00683539</td><td>0.988111</td></tr><tr><td>7</td><td>0.950173</td><td>0.043101</td><td>0.00672584</td><td>0.988111</td></tr><tr><td>8</td><td>0.594598</td><td>0.381628</td><td>0.0237743</td><td>0.822522</td></tr><tr><td>9</td><td>0.505619</td><td>0.0236409</td><td>0.47074</td><td>0.623191</td></tr><tr><td>10</td><td>0.53961</td><td>0.447218</td><td>0.0131726</td><td>0.776014</td></tr><tr><td>11</td><td>0.323472</td><td>0.663082</td><td>0.0134462</td><td>2.10135</td></tr><tr><td>12</td><td>0.718547</td><td>0.265189</td><td>0.0162643</td><td>0.303752</td></tr><tr><td>13</td><td>0.994038</td><td>0.00276354</td><td>0.00319875</td><td>0.776014</td></tr><tr><td>14</td><td>0.857665</td><td>0.132755</td><td>0.00957973</td><td>0.776014</td></tr><tr><td>15</td><td>0.0128666</td><td>0.987091</td><td>4.26457e-05</td><td>0.560537</td></tr><tr><td>16</td><td>0.77389</td><td>0.223685</td><td>0.00242542</td><td>0.237176</td></tr><tr><td>17</td><td>0.923557</td><td>0.0228538</td><td>0.0535894</td><td>0.888772</td></tr><tr><td>18</td><td>0.64576</td><td>0.110091</td><td>0.244149</td><td>0.988111</td></tr><tr><td>19</td><td>0.274271</td><td>0.725569</td><td>0.00016053</td><td>0.988111</td></tr><tr><td>20</td><td>0.446894</td><td>0.552316</td><td>0.000789894</td><td>0.988111</td></tr><tr><td>21</td><td>0.521574</td><td>0.44501</td><td>0.0334162</td><td>2.33622</td></tr><tr><td>22</td><td>0.573125</td><td>0.414213</td><td>0.0126613</td><td>0.776014</td></tr><tr><td>23</td><td>0.970778</td><td>0.028064</td><td>0.00115759</td><td>2.10135</td></tr><tr><td>24</td><td>0.117707</td><td>0.882077</td><td>0.000216449</td><td>0.623191</td></tr><tr><td>25</td><td>0.650489</td><td>0.332577</td><td>0.0169344</td><td>0.888772</td></tr><tr><td>26</td><td>0.909414</td><td>0.064085</td><td>0.026501</td><td>3.55554</td></tr><tr><td>27</td><td>0.672601</td><td>0.314011</td><td>0.0133883</td><td>0.263579</td></tr><tr><td>28</td><td>0.910312</td><td>0.0892424</td><td>0.000445996</td><td>0.988111</td></tr><tr><td>29</td><td>0.843661</td><td>0.043668</td><td>0.112671</td><td>0.623191</td></tr><tr><td>30</td><td>0.0223686</td><td>0.97513</td><td>0.00250177</td><td>9.34608</td></tr><tr><td>31</td><td>0.690427</td><td>0.302103</td><td>0.00747038</td><td>0.263579</td></tr><tr><td>32</td><td>0.588064</td><td>0.404648</td><td>0.00728843</td><td>2.33622</td></tr><tr><td>33</td><td>0.333008</td><td>0.014124</td><td>0.652868</td><td>0.888772</td></tr><tr><td>34</td><td>0.973446</td><td>0.0121324</td><td>0.014422</td><td>0.237176</td></tr><tr><td>35</td><td>0.755908</td><td>0.241689</td><td>0.00240314</td><td>0.206985</td></tr><tr><td>36</td><td>0.446154</td><td>0.553754</td><td>9.18762e-05</td><td>0.386773</td></tr><tr><td>37</td><td>0.4576</td><td>0.514626</td><td>0.0277743</td><td>0.888772</td></tr><tr><td>38</td><td>0.590128</td><td>0.408562</td><td>0.00131014</td><td>0.988111</td></tr><tr><td>39</td><td>0.990454</td><td>0.00889213</td><td>0.000653909</td><td>0.386773</td></tr><tr><td>40</td><td>0.460509</td><td>0.500257</td><td>0.0392339</td><td>2.10135</td></tr><tr><td>41</td><td>0.773831</td><td>0.203341</td><td>0.0228283</td><td>18.289</td></tr><tr><td>42</td><td>0.391928</td><td>0.561707</td><td>0.0463648</td><td>0.988111</td></tr><tr><td>43</td><td>0.906781</td><td>0.0455039</td><td>0.0477147</td><td>0.888772</td></tr><tr><td>44</td><td>0.506167</td><td>0.472008</td><td>0.0218248</td><td>0.888772</td></tr><tr><td>45</td><td>0.703631</td><td>0.16276</td><td>0.133609</td><td>0.988111</td></tr><tr><td>46</td><td>0.712637</td><td>0.283954</td><td>0.00340899</td><td>0.386773</td></tr><tr><td>47</td><td>0.68401</td><td>0.310334</td><td>0.00565623</td><td>2.33622</td></tr><tr><td>48</td><td>0.581819</td><td>0.353723</td><td>0.0644584</td><td>0.263579</td></tr><tr><td>49</td><td>0.77465</td><td>0.210056</td><td>0.0152939</td><td>2.10135</td></tr><tr><td>50</td><td>0.393159</td><td>0.484461</td><td>0.122381</td><td>0.888772</td></tr><tr><td>51</td><td>0.932511</td><td>0.0671886</td><td>0.000300822</td><td>0.263579</td></tr><tr><td>52</td><td>0.921271</td><td>0.0755866</td><td>0.00314244</td><td>0.237176</td></tr><tr><td>53</td><td>0.89984</td><td>0.0991022</td><td>0.00105819</td><td>0.988111</td></tr><tr><td>54</td><td>0.711731</td><td>0.281173</td><td>0.00709609</td><td>0.386773</td></tr><tr><td>55</td><td>0.910318</td><td>0.0893968</td><td>0.000284693</td><td>0.776014</td></tr><tr><td>56</td><td>0.247861</td><td>0.129173</td><td>0.622967</td><td>0.560537</td></tr><tr><td>57</td><td>0.446504</td><td>0.00381113</td><td>0.549685</td><td>0.988111</td></tr><tr><td>58</td><td>0.623674</td><td>0.360649</td><td>0.0156763</td><td>0.988111</td></tr><tr><td>59</td><td>0.215718</td><td>0.0690437</td><td>0.715238</td><td>0.386773</td></tr><tr><td>60</td><td>0.832316</td><td>0.155707</td><td>0.0119777</td><td>0.888772</td></tr><tr><td>61</td><td>0.776041</td><td>0.0892682</td><td>0.134691</td><td>0.347888</td></tr><tr><td>62</td><td>0.526204</td><td>0.440323</td><td>0.0334729</td><td>0.263579</td></tr><tr><td>63</td><td>0.905801</td><td>0.0693306</td><td>0.0248687</td><td>2.33622</td></tr><tr><td>64</td><td>0.502673</td><td>0.48378</td><td>0.0135466</td><td>0.776014</td></tr><tr><td>65</td><td>0.108688</td><td>0.891051</td><td>0.00026147</td><td>0.237176</td></tr><tr><td>66</td><td>0.0249331</td><td>0.97264</td><td>0.00242735</td><td>0.560537</td></tr><tr><td>67</td><td>0.711109</td><td>0.0354343</td><td>0.253456</td><td>0.237176</td></tr><tr><td>68</td><td>0.954369</td><td>0.0444496</td><td>0.00118115</td><td>0.237176</td></tr><tr><td>69</td><td>0.290584</td><td>0.0381961</td><td>0.67122</td><td>0.623191</td></tr><tr><td>70</td><td>0.379681</td><td>0.614712</td><td>0.00560713</td><td>0.623191</td></tr><tr><td>71</td><td>0.64584</td><td>0.317915</td><td>0.0362451</td><td>0.263579</td></tr><tr><td>72</td><td>0.314025</td><td>0.668682</td><td>0.0172925</td><td>1.83191</td></tr><tr><td>73</td><td>0.0181484</td><td>0.981801</td><td>5.04223e-05</td><td>5.30253</td></tr><tr><td>74</td><td>0.68695</td><td>0.23785</td><td>0.0752001</td><td>0.560537</td></tr><tr><td>75</td><td>0.298301</td><td>0.0835034</td><td>0.618196</td><td>0.206985</td></tr><tr><td>76</td><td>0.785724</td><td>0.202232</td><td>0.0120435</td><td>0.697998</td></tr><tr><td>77</td><td>0.612777</td><td>0.329289</td><td>0.057934</td><td>2.10135</td></tr><tr><td>78</td><td>0.933134</td><td>0.041296</td><td>0.0255696</td><td>0.888772</td></tr><tr><td>79</td><td>0.854435</td><td>0.113689</td><td>0.0318765</td><td>0.988111</td></tr><tr><td>80</td><td>0.770923</td><td>0.225125</td><td>0.00395167</td><td>0.263579</td></tr><tr><td>81</td><td>0.399689</td><td>0.149148</td><td>0.451163</td><td>0.263579</td></tr><tr><td>82</td><td>0.694978</td><td>0.246671</td><td>0.0583519</td><td>0.988111</td></tr><tr><td>83</td><td>0.976362</td><td>0.0171262</td><td>0.00651162</td><td>0.988111</td></tr><tr><td>84</td><td>0.985539</td><td>0.0138502</td><td>0.000610505</td><td>0.888772</td></tr><tr><td>85</td><td>0.819804</td><td>0.150773</td><td>0.0294231</td><td>2.10135</td></tr><tr><td>86</td><td>0.976694</td><td>0.0181658</td><td>0.00513976</td><td>2.33622</td></tr><tr><td>87</td><td>0.0291111</td><td>0.967548</td><td>0.00334104</td><td>2.10135</td></tr><tr><td>88</td><td>0.78162</td><td>0.203767</td><td>0.014613</td><td>0.263579</td></tr><tr><td>89</td><td>0.463576</td><td>0.532066</td><td>0.00435819</td><td>2.10135</td></tr><tr><td>90</td><td>0.296238</td><td>0.695125</td><td>0.00863675</td><td>0.237176</td></tr><tr><td>91</td><td>0.976247</td><td>0.0216737</td><td>0.00207882</td><td>0.560537</td></tr><tr><td>92</td><td>0.9173</td><td>0.0731076</td><td>0.00959207</td><td>1.32546</td></tr><tr><td>93</td><td>0.774907</td><td>0.223284</td><td>0.00180839</td><td>0.263579</td></tr><tr><td>94</td><td>0.456807</td><td>0.5263</td><td>0.0168926</td><td>0.888772</td></tr><tr><td>95</td><td>0.979662</td><td>0.0191223</td><td>0.00121541</td><td>0.888772</td></tr><tr><td>96</td><td>0.848037</td><td>0.136742</td><td>0.0152208</td><td>0.988111</td></tr><tr><td>97</td><td>0.867729</td><td>0.126047</td><td>0.00622416</td><td>0.623191</td></tr><tr><td>98</td><td>0.910491</td><td>0.0631218</td><td>0.0263869</td><td>0.888772</td></tr><tr><td>99</td><td>0.766738</td><td>0.174644</td><td>0.058618</td><td>0.988111</td></tr><tr><td>100</td><td>0.350217</td><td>0.644416</td><td>0.00536711</td><td>0.888772</td></tr><tr><td>101</td><td>0.688324</td><td>0.298571</td><td>0.0131048</td><td>0.888772</td></tr><tr><td>102</td><td>0.841505</td><td>0.143927</td><td>0.0145671</td><td>3.55554</td></tr><tr><td>103</td><td>0.464108</td><td>0.533745</td><td>0.0021472</td><td>0.988111</td></tr><tr><td>104</td><td>0.796721</td><td>0.198982</td><td>0.00429647</td><td>0.888772</td></tr><tr><td>105</td><td>0.930649</td><td>0.0569935</td><td>0.0123578</td><td>0.988111</td></tr><tr><td>106</td><td>0.450289</td><td>0.415237</td><td>0.134474</td><td>0.263579</td></tr><tr><td>107</td><td>0.486075</td><td>0.454679</td><td>0.059246</td><td>2.10135</td></tr><tr><td>108</td><td>0.859142</td><td>0.133153</td><td>0.00770449</td><td>2.10135</td></tr><tr><td>109</td><td>0.749439</td><td>0.201391</td><td>0.0491708</td><td>0.386773</td></tr><tr><td>110</td><td>0.397085</td><td>0.599306</td><td>0.00360894</td><td>0.697998</td></tr><tr><td>111</td><td>0.799382</td><td>0.17504</td><td>0.0255787</td><td>0.206985</td></tr><tr><td>112</td><td>0.950875</td><td>0.0403131</td><td>0.0088124</td><td>0.888772</td></tr><tr><td>113</td><td>0.958662</td><td>0.00902064</td><td>0.0323177</td><td>2.10135</td></tr><tr><td>114</td><td>0.0547502</td><td>0.945197</td><td>5.29209e-05</td><td>0.776014</td></tr><tr><td>115</td><td>0.639499</td><td>0.337626</td><td>0.0228752</td><td>0.888772</td></tr><tr><td>116</td><td>0.953781</td><td>0.0440018</td><td>0.00221698</td><td>0.303752</td></tr><tr><td>117</td><td>0.44837</td><td>0.536843</td><td>0.0147876</td><td>2.10135</td></tr><tr><td>118</td><td>0.526918</td><td>0.400634</td><td>0.0724485</td><td>0.697998</td></tr><tr><td>119</td><td>0.992905</td><td>0.00609368</td><td>0.0010017</td><td>0.237176</td></tr><tr><td>120</td><td>0.400577</td><td>0.227078</td><td>0.372345</td><td>0.386773</td></tr><tr><td>121</td><td>0.485905</td><td>0.494846</td><td>0.0192489</td><td>0.263579</td></tr><tr><td>122</td><td>0.312322</td><td>0.0938346</td><td>0.593843</td><td>0.186214</td></tr><tr><td>123</td><td>0.231405</td><td>0.768055</td><td>0.00054009</td><td>0.353568</td></tr><tr><td>124</td><td>0.276389</td><td>0.705733</td><td>0.0178781</td><td>0.237176</td></tr><tr><td>125</td><td>0.44761</td><td>0.241454</td><td>0.310936</td><td>0.237176</td></tr><tr><td>126</td><td>0.680197</td><td>0.31542</td><td>0.00438242</td><td>0.988111</td></tr><tr><td>127</td><td>0.783685</td><td>0.215175</td><td>0.00114034</td><td>0.623191</td></tr><tr><td>128</td><td>0.0350245</td><td>0.955954</td><td>0.00902115</td><td>0.623191</td></tr><tr><td>129</td><td>0.955692</td><td>0.0305627</td><td>0.0137454</td><td>0.237176</td></tr><tr><td>130</td><td>0.973081</td><td>0.0112133</td><td>0.0157058</td><td>0.888772</td></tr><tr><td>131</td><td>0.92619</td><td>0.0731952</td><td>0.000614301</td><td>0.386773</td></tr><tr><td>132</td><td>0.958894</td><td>0.00548801</td><td>0.0356183</td><td>0.822522</td></tr><tr><td>133</td><td>0.524985</td><td>0.0403494</td><td>0.434666</td><td>0.988111</td></tr><tr><td>134</td><td>0.48736</td><td>0.506627</td><td>0.00601288</td><td>0.888772</td></tr><tr><td>135</td><td>0.803637</td><td>0.193335</td><td>0.00302821</td><td>0.488662</td></tr><tr><td>136</td><td>0.750901</td><td>0.234788</td><td>0.0143116</td><td>0.822522</td></tr><tr><td>137</td><td>0.81743</td><td>0.174996</td><td>0.00757447</td><td>0.347888</td></tr><tr><td>138</td><td>0.839289</td><td>0.144434</td><td>0.0162772</td><td>0.263579</td></tr><tr><td>139</td><td>0.991464</td><td>0.00768768</td><td>0.000848251</td><td>0.888772</td></tr><tr><td>140</td><td>0.557756</td><td>0.0687658</td><td>0.373479</td><td>3.10446</td></tr><tr><td>141</td><td>0.895576</td><td>0.101178</td><td>0.00324526</td><td>0.888772</td></tr><tr><td>142</td><td>0.307969</td><td>0.690165</td><td>0.00186574</td><td>0.237176</td></tr><tr><td>143</td><td>0.405741</td><td>0.499017</td><td>0.0952426</td><td>0.263579</td></tr><tr><td>144</td><td>0.848667</td><td>0.148525</td><td>0.00280847</td><td>0.237176</td></tr><tr><td>145</td><td>0.880511</td><td>0.0887767</td><td>0.0307119</td><td>0.888772</td></tr><tr><td>146</td><td>0.930279</td><td>0.0673343</td><td>0.00238703</td><td>2.33622</td></tr><tr><td>147</td><td>0.251136</td><td>0.0717803</td><td>0.677084</td><td>0.988111</td></tr><tr><td>148</td><td>0.185552</td><td>0.811218</td><td>0.00322971</td><td>0.888772</td></tr><tr><td>149</td><td>0.910081</td><td>0.0318463</td><td>0.0580726</td><td>0.888772</td></tr><tr><td>150</td><td>0.919532</td><td>0.0658759</td><td>0.0145926</td><td>0.263579</td></tr><tr><td>151</td><td>0.690893</td><td>0.279532</td><td>0.0295747</td><td>3.95295</td></tr><tr><td>152</td><td>0.866362</td><td>0.131738</td><td>0.00189991</td><td>0.347888</td></tr><tr><td>153</td><td>0.464183</td><td>0.511194</td><td>0.0246232</td><td>0.186214</td></tr><tr><td>154</td><td>0.642391</td><td>0.341749</td><td>0.0158598</td><td>0.303752</td></tr><tr><td>155</td><td>0.720127</td><td>0.263212</td><td>0.0166615</td><td>0.237176</td></tr><tr><td>156</td><td>0.91152</td><td>0.086937</td><td>0.00154255</td><td>2.10135</td></tr><tr><td>157</td><td>0.584249</td><td>0.36775</td><td>0.0480007</td><td>0.206985</td></tr><tr><td>158</td><td>0.321712</td><td>0.670369</td><td>0.00791872</td><td>0.263579</td></tr><tr><td>159</td><td>0.580595</td><td>0.412238</td><td>0.00716618</td><td>0.347888</td></tr><tr><td>160</td><td>0.424547</td><td>0.566299</td><td>0.00915488</td><td>2.10135</td></tr><tr><td>161</td><td>0.763742</td><td>0.228516</td><td>0.00774184</td><td>0.206985</td></tr><tr><td>162</td><td>0.989069</td><td>0.0102004</td><td>0.000730201</td><td>0.776014</td></tr><tr><td>163</td><td>0.164007</td><td>0.835628</td><td>0.000364736</td><td>0.623191</td></tr><tr><td>164</td><td>0.245018</td><td>0.658793</td><td>0.0961889</td><td>0.237176</td></tr><tr><td>165</td><td>0.931418</td><td>0.0532913</td><td>0.0152911</td><td>0.888772</td></tr><tr><td>166</td><td>0.363684</td><td>0.523288</td><td>0.113028</td><td>0.263579</td></tr><tr><td>167</td><td>0.652443</td><td>0.200101</td><td>0.147457</td><td>0.303752</td></tr><tr><td>168</td><td>0.760704</td><td>0.0888494</td><td>0.150446</td><td>0.988111</td></tr><tr><td>169</td><td>0.981054</td><td>0.0163901</td><td>0.00255587</td><td>0.888772</td></tr><tr><td>170</td><td>0.925049</td><td>0.0626116</td><td>0.0123393</td><td>0.888772</td></tr><tr><td>171</td><td>0.653949</td><td>0.344241</td><td>0.00180935</td><td>0.888772</td></tr><tr><td>172</td><td>0.950428</td><td>0.0426592</td><td>0.00691243</td><td>0.888772</td></tr><tr><td>173</td><td>0.837802</td><td>0.149282</td><td>0.0129158</td><td>1.83191</td></tr><tr><td>174</td><td>0.984375</td><td>0.0145124</td><td>0.00111258</td><td>0.988111</td></tr><tr><td>175</td><td>0.778803</td><td>0.146196</td><td>0.0750014</td><td>0.386773</td></tr><tr><td>176</td><td>0.701093</td><td>0.276243</td><td>0.0226643</td><td>0.776014</td></tr><tr><td>177</td><td>0.69543</td><td>0.281877</td><td>0.0226933</td><td>0.237176</td></tr><tr><td>178</td><td>0.242254</td><td>0.755632</td><td>0.00211414</td><td>0.822522</td></tr><tr><td>179</td><td>0.368463</td><td>0.357961</td><td>0.273576</td><td>0.237176</td></tr><tr><td>180</td><td>0.257204</td><td>0.740955</td><td>0.00184082</td><td>0.888772</td></tr><tr><td>181</td><td>0.378754</td><td>0.106335</td><td>0.51491</td><td>0.206985</td></tr><tr><td>182</td><td>0.996173</td><td>0.0036358</td><td>0.000190931</td><td>0.386773</td></tr><tr><td>183</td><td>0.316152</td><td>0.587943</td><td>0.0959045</td><td>0.386773</td></tr><tr><td>184</td><td>0.495461</td><td>0.498346</td><td>0.00619317</td><td>0.888772</td></tr><tr><td>185</td><td>0.965222</td><td>0.0342116</td><td>0.000566282</td><td>0.888772</td></tr><tr><td>186</td><td>0.3357</td><td>0.655152</td><td>0.00914838</td><td>0.697998</td></tr><tr><td>187</td><td>0.0237105</td><td>0.976241</td><td>4.86633e-05</td><td>0.776014</td></tr><tr><td>188</td><td>0.66186</td><td>0.33492</td><td>0.00322049</td><td>0.988111</td></tr><tr><td>189</td><td>0.426867</td><td>0.368169</td><td>0.204964</td><td>0.263579</td></tr><tr><td>190</td><td>0.362281</td><td>0.0610602</td><td>0.576659</td><td>0.206985</td></tr><tr><td>191</td><td>0.799497</td><td>0.1838</td><td>0.0167032</td><td>0.776014</td></tr><tr><td>192</td><td>0.491497</td><td>0.50208</td><td>0.00642261</td><td>0.386773</td></tr><tr><td>193</td><td>0.339129</td><td>0.637105</td><td>0.023766</td><td>0.263579</td></tr><tr><td>194</td><td>0.451865</td><td>0.543758</td><td>0.00437664</td><td>2.10135</td></tr><tr><td>195</td><td>0.566775</td><td>0.426232</td><td>0.00699336</td><td>0.237176</td></tr><tr><td>196</td><td>0.861781</td><td>0.131216</td><td>0.00700272</td><td>0.988111</td></tr><tr><td>197</td><td>0.979452</td><td>0.0167401</td><td>0.00380818</td><td>0.560537</td></tr><tr><td>198</td><td>0.438958</td><td>0.485996</td><td>0.0750462</td><td>2.10135</td></tr><tr><td>199</td><td>0.511858</td><td>0.399719</td><td>0.0884233</td><td>0.237176</td></tr><tr><td>200</td><td>0.705916</td><td>0.281653</td><td>0.0124306</td><td>0.988111</td></tr><tr><td>201</td><td>0.129044</td><td>0.869005</td><td>0.0019513</td><td>5.89521</td></tr><tr><td>202</td><td>0.822103</td><td>0.167333</td><td>0.0105645</td><td>0.263579</td></tr><tr><td>203</td><td>0.684715</td><td>0.120992</td><td>0.194293</td><td>0.623191</td></tr><tr><td>204</td><td>0.407483</td><td>0.471187</td><td>0.12133</td><td>0.697998</td></tr><tr><td>205</td><td>0.567032</td><td>0.00195318</td><td>0.431015</td><td>0.988111</td></tr><tr><td>206</td><td>0.931476</td><td>0.0626035</td><td>0.00592093</td><td>0.263579</td></tr><tr><td>207</td><td>0.427247</td><td>0.569028</td><td>0.00372455</td><td>0.263579</td></tr><tr><td>208</td><td>0.975393</td><td>0.0241543</td><td>0.00045278</td><td>0.386773</td></tr><tr><td>209</td><td>0.406599</td><td>0.592319</td><td>0.00108215</td><td>2.33622</td></tr><tr><td>210</td><td>0.387339</td><td>0.612591</td><td>7.03793e-05</td><td>0.263579</td></tr><tr><td>211</td><td>0.82583</td><td>0.174126</td><td>4.39016e-05</td><td>0.386773</td></tr><tr><td>212</td><td>0.838482</td><td>0.155447</td><td>0.00607123</td><td>0.560537</td></tr><tr><td>213</td><td>0.928147</td><td>0.0685556</td><td>0.00329694</td><td>0.988111</td></tr><tr><td>214</td><td>0.944495</td><td>0.0495359</td><td>0.00596873</td><td>0.237176</td></tr><tr><td>215</td><td>0.704948</td><td>0.286565</td><td>0.00848694</td><td>0.988111</td></tr><tr><td>216</td><td>0.968967</td><td>0.0096962</td><td>0.0213363</td><td>0.888772</td></tr><tr><td>217</td><td>0.527706</td><td>0.431349</td><td>0.040945</td><td>0.888772</td></tr><tr><td>218</td><td>0.112195</td><td>0.880943</td><td>0.00686203</td><td>5.30253</td></tr><tr><td>219</td><td>0.780862</td><td>0.159719</td><td>0.0594191</td><td>0.386773</td></tr><tr><td>220</td><td>0.375288</td><td>0.623126</td><td>0.00158574</td><td>0.888772</td></tr><tr><td>221</td><td>0.730206</td><td>0.239659</td><td>0.0301355</td><td>0.206985</td></tr><tr><td>222</td><td>0.964051</td><td>0.0245854</td><td>0.0113634</td><td>0.822522</td></tr><tr><td>223</td><td>0.408138</td><td>0.58731</td><td>0.0045529</td><td>0.888772</td></tr><tr><td>224</td><td>0.729842</td><td>0.195235</td><td>0.0749227</td><td>3.95295</td></tr><tr><td>225</td><td>0.698925</td><td>0.215799</td><td>0.0852764</td><td>0.237176</td></tr><tr><td>226</td><td>0.22744</td><td>0.726926</td><td>0.0456348</td><td>0.347888</td></tr><tr><td>227</td><td>0.638685</td><td>0.317817</td><td>0.0434981</td><td>0.776014</td></tr><tr><td>228</td><td>0.46978</td><td>0.285609</td><td>0.244611</td><td>0.237176</td></tr><tr><td>229</td><td>0.15617</td><td>0.843768</td><td>6.18778e-05</td><td>0.988111</td></tr><tr><td>230</td><td>0.20359</td><td>0.796017</td><td>0.000393247</td><td>0.623191</td></tr><tr><td>231</td><td>0.964048</td><td>0.0358162</td><td>0.000135992</td><td>0.988111</td></tr><tr><td>232</td><td>0.957866</td><td>0.0363784</td><td>0.00575554</td><td>0.186214</td></tr><tr><td>233</td><td>0.978488</td><td>0.0195421</td><td>0.00197027</td><td>0.560537</td></tr><tr><td>234</td><td>0.766738</td><td>0.174644</td><td>0.058618</td><td>0.988111</td></tr><tr><td>235</td><td>0.482119</td><td>0.0749928</td><td>0.442889</td><td>0.263579</td></tr><tr><td>236</td><td>0.458192</td><td>0.516786</td><td>0.0250229</td><td>2.10135</td></tr><tr><td>237</td><td>0.211199</td><td>0.265015</td><td>0.523785</td><td>0.988111</td></tr><tr><td>238</td><td>0.252125</td><td>0.74528</td><td>0.0025954</td><td>0.776014</td></tr><tr><td>239</td><td>0.790772</td><td>0.195412</td><td>0.0138158</td><td>0.888772</td></tr><tr><td>240</td><td>0.975722</td><td>0.0218309</td><td>0.00244686</td><td>0.697998</td></tr><tr><td>241</td><td>0.849033</td><td>0.133485</td><td>0.0174823</td><td>0.206985</td></tr><tr><td>242</td><td>0.932405</td><td>0.058717</td><td>0.00887814</td><td>0.988111</td></tr><tr><td>243</td><td>0.474053</td><td>0.497795</td><td>0.0281514</td><td>0.303752</td></tr><tr><td>244</td><td>0.783638</td><td>0.199158</td><td>0.0172042</td><td>0.560537</td></tr><tr><td>245</td><td>0.849205</td><td>0.150567</td><td>0.000228031</td><td>0.263579</td></tr><tr><td>246</td><td>0.957833</td><td>0.0183338</td><td>0.0238337</td><td>0.263579</td></tr><tr><td>247</td><td>0.246733</td><td>0.752174</td><td>0.00109268</td><td>0.386773</td></tr><tr><td>248</td><td>0.95405</td><td>0.0384329</td><td>0.00751717</td><td>0.776014</td></tr><tr><td>249</td><td>0.387716</td><td>0.00113982</td><td>0.611144</td><td>2.10135</td></tr><tr><td>250</td><td>0.948957</td><td>0.0476538</td><td>0.00338956</td><td>0.888772</td></tr><tr><td>251</td><td>0.990755</td><td>0.0080385</td><td>0.00120608</td><td>0.347888</td></tr><tr><td>252</td><td>0.369498</td><td>0.616972</td><td>0.0135299</td><td>0.822522</td></tr><tr><td>253</td><td>0.423859</td><td>0.455328</td><td>0.120813</td><td>3.55554</td></tr><tr><td>254</td><td>0.972793</td><td>0.0270256</td><td>0.000181371</td><td>0.623191</td></tr><tr><td>255</td><td>0.000372219</td><td>0.999604</td><td>2.37629e-05</td><td>2.33622</td></tr><tr><td>256</td><td>0.856654</td><td>0.112384</td><td>0.0309618</td><td>0.206985</td></tr><tr><td>257</td><td>0.336883</td><td>0.655582</td><td>0.00753542</td><td>0.988111</td></tr><tr><td>258</td><td>0.136657</td><td>0.862147</td><td>0.0011956</td><td>5.30253</td></tr><tr><td>259</td><td>0.535811</td><td>0.454035</td><td>0.0101539</td><td>0.988111</td></tr><tr><td>260</td><td>0.784116</td><td>0.137777</td><td>0.0781063</td><td>2.33622</td></tr><tr><td>261</td><td>0.423964</td><td>0.572447</td><td>0.00358866</td><td>0.347888</td></tr><tr><td>262</td><td>0.617158</td><td>0.101632</td><td>0.28121</td><td>3.10446</td></tr><tr><td>263</td><td>0.985805</td><td>0.0140809</td><td>0.000114114</td><td>0.988111</td></tr><tr><td>264</td><td>0.714375</td><td>0.0825534</td><td>0.203071</td><td>0.386773</td></tr><tr><td>265</td><td>0.600488</td><td>0.381905</td><td>0.0176076</td><td>0.206985</td></tr><tr><td>266</td><td>0.250305</td><td>0.748627</td><td>0.00106758</td><td>0.263579</td></tr><tr><td>267</td><td>0.587306</td><td>0.391413</td><td>0.0212819</td><td>0.888772</td></tr><tr><td>268</td><td>0.952715</td><td>0.0313086</td><td>0.0159763</td><td>0.560537</td></tr><tr><td>269</td><td>0.812275</td><td>0.16463</td><td>0.023096</td><td>0.263579</td></tr><tr><td>270</td><td>0.708958</td><td>0.26538</td><td>0.025662</td><td>0.263579</td></tr><tr><td>271</td><td>0.729746</td><td>0.145493</td><td>0.124761</td><td>0.623191</td></tr><tr><td>272</td><td>0.605605</td><td>0.37773</td><td>0.0166654</td><td>0.888772</td></tr><tr><td>273</td><td>0.743896</td><td>0.250064</td><td>0.00603978</td><td>0.263579</td></tr><tr><td>274</td><td>0.17342</td><td>0.8176</td><td>0.00898039</td><td>0.988111</td></tr><tr><td>275</td><td>0.200497</td><td>0.083428</td><td>0.716075</td><td>0.237176</td></tr><tr><td>276</td><td>0.579012</td><td>0.397722</td><td>0.0232659</td><td>0.988111</td></tr><tr><td>277</td><td>0.966965</td><td>0.0322504</td><td>0.000784496</td><td>0.386773</td></tr><tr><td>278</td><td>0.810989</td><td>0.185045</td><td>0.00396595</td><td>0.988111</td></tr><tr><td>279</td><td>0.626089</td><td>0.369031</td><td>0.00487956</td><td>0.560537</td></tr><tr><td>280</td><td>0.964561</td><td>0.0339115</td><td>0.00152801</td><td>2.10135</td></tr><tr><td>281</td><td>0.715386</td><td>0.213927</td><td>0.0706872</td><td>0.888772</td></tr><tr><td>282</td><td>0.523153</td><td>0.299755</td><td>0.177092</td><td>0.888772</td></tr><tr><td>283</td><td>0.409734</td><td>0.310101</td><td>0.280165</td><td>0.988111</td></tr><tr><td>284</td><td>0.23076</td><td>0.75595</td><td>0.0132894</td><td>0.697998</td></tr><tr><td>285</td><td>0.986779</td><td>0.013076</td><td>0.000144953</td><td>0.560537</td></tr><tr><td>286</td><td>0.170786</td><td>0.824857</td><td>0.00435703</td><td>0.560537</td></tr><tr><td>287</td><td>0.574397</td><td>0.051132</td><td>0.374471</td><td>0.623191</td></tr><tr><td>288</td><td>0.687471</td><td>0.285949</td><td>0.0265795</td><td>0.237176</td></tr><tr><td>289</td><td>0.359637</td><td>0.201034</td><td>0.439328</td><td>0.988111</td></tr><tr><td>290</td><td>0.876482</td><td>0.118015</td><td>0.0055034</td><td>0.237176</td></tr><tr><td>291</td><td>0.828767</td><td>0.151973</td><td>0.01926</td><td>0.776014</td></tr><tr><td>292</td><td>0.895221</td><td>0.069967</td><td>0.0348122</td><td>0.988111</td></tr><tr><td>293</td><td>0.983637</td><td>0.000363608</td><td>0.0159994</td><td>0.560537</td></tr><tr><td>294</td><td>0.906832</td><td>0.0916401</td><td>0.00152768</td><td>0.560537</td></tr><tr><td>295</td><td>0.93455</td><td>0.0630952</td><td>0.00235495</td><td>0.888772</td></tr><tr><td>296</td><td>0.9753</td><td>0.0201502</td><td>0.00454999</td><td>0.263579</td></tr><tr><td>297</td><td>0.763159</td><td>0.231069</td><td>0.00577203</td><td>0.697998</td></tr><tr><td>298</td><td>0.2422</td><td>0.756898</td><td>0.000901846</td><td>0.386773</td></tr><tr><td>299</td><td>0.186015</td><td>0.812003</td><td>0.00198198</td><td>0.988111</td></tr><tr><td>300</td><td>0.616577</td><td>0.0583301</td><td>0.325093</td><td>0.888772</td></tr><tr><td>301</td><td>0.904167</td><td>0.0152008</td><td>0.080632</td><td>0.263579</td></tr><tr><td>302</td><td>0.302367</td><td>0.0562329</td><td>0.6414</td><td>0.263579</td></tr><tr><td>303</td><td>0.409474</td><td>0.589694</td><td>0.000831775</td><td>5.30253</td></tr><tr><td>304</td><td>0.921942</td><td>0.0587642</td><td>0.0192939</td><td>0.888772</td></tr><tr><td>305</td><td>0.67161</td><td>0.0998452</td><td>0.228545</td><td>3.55554</td></tr><tr><td>306</td><td>0.74527</td><td>0.254361</td><td>0.000368925</td><td>2.33622</td></tr><tr><td>307</td><td>0.764702</td><td>0.225292</td><td>0.0100059</td><td>0.988111</td></tr><tr><td>308</td><td>0.640546</td><td>0.359254</td><td>0.000199744</td><td>0.303752</td></tr><tr><td>309</td><td>0.60581</td><td>0.348006</td><td>0.0461837</td><td>0.303752</td></tr><tr><td>310</td><td>0.525404</td><td>0.131156</td><td>0.34344</td><td>0.888772</td></tr><tr><td>311</td><td>0.435947</td><td>0.561632</td><td>0.00242158</td><td>0.697998</td></tr><tr><td>312</td><td>0.977058</td><td>0.00935894</td><td>0.0135829</td><td>0.776014</td></tr><tr><td>313</td><td>0.335631</td><td>0.638127</td><td>0.0262422</td><td>2.10135</td></tr><tr><td>314</td><td>0.818941</td><td>0.0665739</td><td>0.114485</td><td>0.697998</td></tr><tr><td>315</td><td>0.77335</td><td>0.178438</td><td>0.0482118</td><td>0.303752</td></tr><tr><td>316</td><td>0.839814</td><td>0.144895</td><td>0.0152917</td><td>0.560537</td></tr><tr><td>317</td><td>0.00206555</td><td>0.997864</td><td>7.02825e-05</td><td>2.10135</td></tr><tr><td>318</td><td>0.827454</td><td>0.0602884</td><td>0.112257</td><td>0.386773</td></tr><tr><td>319</td><td>0.860012</td><td>0.139211</td><td>0.000777773</td><td>0.263579</td></tr><tr><td>320</td><td>0.849</td><td>0.0150173</td><td>0.135983</td><td>0.237176</td></tr><tr><td>321</td><td>0.957051</td><td>0.00803614</td><td>0.0349132</td><td>2.33622</td></tr><tr><td>322</td><td>0.462633</td><td>0.535043</td><td>0.00232362</td><td>0.347888</td></tr><tr><td>323</td><td>0.616045</td><td>0.164895</td><td>0.21906</td><td>0.560537</td></tr><tr><td>324</td><td>0.989854</td><td>0.00957997</td><td>0.000566365</td><td>2.33622</td></tr><tr><td>325</td><td>0.514381</td><td>0.0889615</td><td>0.396658</td><td>0.988111</td></tr><tr><td>326</td><td>0.188344</td><td>0.697205</td><td>0.114451</td><td>2.33622</td></tr><tr><td>327</td><td>0.922676</td><td>0.0720329</td><td>0.00529079</td><td>2.10135</td></tr><tr><td>328</td><td>0.958307</td><td>0.0280729</td><td>0.0136197</td><td>0.237176</td></tr><tr><td>329</td><td>0.805625</td><td>0.0455798</td><td>0.148795</td><td>0.822522</td></tr><tr><td>330</td><td>0.87081</td><td>0.0556286</td><td>0.0735619</td><td>2.10135</td></tr><tr><td>331</td><td>0.610878</td><td>0.385516</td><td>0.00360545</td><td>3.55554</td></tr><tr><td>332</td><td>0.825468</td><td>0.170427</td><td>0.00410515</td><td>0.888772</td></tr><tr><td>333</td><td>0.653479</td><td>0.300824</td><td>0.0456971</td><td>2.33622</td></tr><tr><td>334</td><td>0.289946</td><td>0.700659</td><td>0.0093946</td><td>0.914458</td></tr><tr><td>335</td><td>0.706588</td><td>0.288958</td><td>0.00445362</td><td>0.988111</td></tr><tr><td>336</td><td>0.977049</td><td>0.0225936</td><td>0.00035767</td><td>0.386773</td></tr><tr><td>337</td><td>0.95009</td><td>0.0138052</td><td>0.0361045</td><td>2.33622</td></tr><tr><td>338</td><td>0.862831</td><td>0.11816</td><td>0.0190087</td><td>0.237176</td></tr><tr><td>339</td><td>0.722023</td><td>0.27472</td><td>0.00325641</td><td>0.263579</td></tr><tr><td>340</td><td>0.491143</td><td>0.0457115</td><td>0.463145</td><td>3.55554</td></tr><tr><td>341</td><td>0.8741</td><td>0.0716609</td><td>0.0542389</td><td>0.888772</td></tr><tr><td>342</td><td>0.874718</td><td>0.0939989</td><td>0.0312829</td><td>0.206985</td></tr><tr><td>343</td><td>0.143165</td><td>0.855815</td><td>0.00102004</td><td>0.888772</td></tr><tr><td>344</td><td>0.770238</td><td>0.227003</td><td>0.00275924</td><td>2.33622</td></tr><tr><td>345</td><td>0.0687967</td><td>0.930817</td><td>0.000385909</td><td>0.697998</td></tr><tr><td>346</td><td>0.824965</td><td>0.154382</td><td>0.0206526</td><td>0.263579</td></tr><tr><td>347</td><td>0.843981</td><td>0.121494</td><td>0.0345252</td><td>0.237176</td></tr><tr><td>348</td><td>0.88688</td><td>0.104523</td><td>0.00859635</td><td>0.560537</td></tr><tr><td>349</td><td>0.472819</td><td>0.0715905</td><td>0.455591</td><td>0.237176</td></tr><tr><td>350</td><td>0.666161</td><td>0.331546</td><td>0.00229295</td><td>0.888772</td></tr><tr><td>351</td><td>0.0861366</td><td>0.909105</td><td>0.00475799</td><td>0.347888</td></tr><tr><td>352</td><td>0.00373856</td><td>0.996259</td><td>2.03701e-06</td><td>0.237176</td></tr><tr><td>353</td><td>0.996318</td><td>0.00344179</td><td>0.000240032</td><td>0.560537</td></tr><tr><td>354</td><td>0.990885</td><td>0.00907099</td><td>4.39997e-05</td><td>2.33622</td></tr><tr><td>355</td><td>0.913027</td><td>0.0853655</td><td>0.00160767</td><td>0.206985</td></tr><tr><td>356</td><td>0.605783</td><td>0.378783</td><td>0.0154345</td><td>0.439536</td></tr><tr><td>357</td><td>0.754833</td><td>0.194895</td><td>0.0502721</td><td>0.988111</td></tr><tr><td>358</td><td>0.993087</td><td>0.00680865</td><td>0.000104429</td><td>0.263579</td></tr><tr><td>359</td><td>0.798901</td><td>0.164989</td><td>0.0361104</td><td>0.776014</td></tr><tr><td>360</td><td>0.643124</td><td>0.355019</td><td>0.00185716</td><td>0.237176</td></tr><tr><td>361</td><td>0.887712</td><td>0.111745</td><td>0.000543314</td><td>0.386773</td></tr><tr><td>362</td><td>0.00458136</td><td>0.995404</td><td>1.50502e-05</td><td>0.303752</td></tr><tr><td>363</td><td>0.785816</td><td>0.0131861</td><td>0.200998</td><td>0.888772</td></tr><tr><td>364</td><td>0.470067</td><td>0.52959</td><td>0.000342978</td><td>0.263579</td></tr><tr><td>365</td><td>0.501294</td><td>0.498334</td><td>0.000372069</td><td>0.263579</td></tr><tr><td>366</td><td>0.96913</td><td>0.028907</td><td>0.00196286</td><td>2.33622</td></tr><tr><td>367</td><td>0.949256</td><td>0.0469246</td><td>0.00381988</td><td>2.10135</td></tr><tr><td>368</td><td>0.504948</td><td>0.470603</td><td>0.0244487</td><td>0.988111</td></tr><tr><td>369</td><td>0.870071</td><td>0.115435</td><td>0.0144938</td><td>2.33622</td></tr><tr><td>370</td><td>0.697278</td><td>0.277417</td><td>0.0253059</td><td>0.186214</td></tr><tr><td>371</td><td>0.173772</td><td>0.814999</td><td>0.0112295</td><td>0.988111</td></tr><tr><td>372</td><td>0.23026</td><td>0.116841</td><td>0.652899</td><td>0.888772</td></tr><tr><td>373</td><td>0.916575</td><td>0.0670673</td><td>0.0163582</td><td>0.237176</td></tr><tr><td>374</td><td>0.810366</td><td>0.179382</td><td>0.0102516</td><td>0.237176</td></tr><tr><td>375</td><td>0.809683</td><td>0.190204</td><td>0.000112704</td><td>0.237176</td></tr><tr><td>376</td><td>0.515973</td><td>0.326252</td><td>0.157775</td><td>3.55554</td></tr><tr><td>377</td><td>0.609781</td><td>0.388698</td><td>0.00152085</td><td>0.988111</td></tr><tr><td>378</td><td>0.781582</td><td>0.202751</td><td>0.0156665</td><td>3.55554</td></tr><tr><td>379</td><td>0.949727</td><td>0.0393614</td><td>0.0109114</td><td>0.263579</td></tr><tr><td>380</td><td>0.868251</td><td>0.117964</td><td>0.0137852</td><td>0.697998</td></tr><tr><td>381</td><td>0.649734</td><td>0.304772</td><td>0.045494</td><td>0.888772</td></tr><tr><td>382</td><td>0.730077</td><td>0.0893092</td><td>0.180614</td><td>0.988111</td></tr><tr><td>383</td><td>0.352987</td><td>0.562131</td><td>0.0848824</td><td>0.386773</td></tr><tr><td>384</td><td>0.906622</td><td>0.0768188</td><td>0.016559</td><td>0.237176</td></tr><tr><td>385</td><td>0.813911</td><td>0.166382</td><td>0.0197066</td><td>0.560537</td></tr><tr><td>386</td><td>0.856265</td><td>0.123046</td><td>0.0206892</td><td>0.273214</td