<!DOCTYPE HTML PUBLIC "-//W3C//DTD HTML 4.01 Transitional//EN">

<html>
<head>
<script src="http://transp-or.epfl.ch/biogeme/sorttable.js"></script>
<meta http-equiv='Content-Type' content='text/html; charset=utf-8' />
<title>simul_Model_4_increase.html - Report from biogeme 2.6a [Sun Aug 26 15:54:37 BST 2018]</title>
<meta name="keywords" content="biogeme, discrete choice, random utility">
<meta name="description" content="Report from biogeme 2.6a [Sun Aug 26 15:54:37 BST 2018]">
<meta name="author" content="Michel Bierlaire">
<style type=text/css>
<!--table
.biostyle
	{font-size:10.0pt;
	font-weight:400;
	font-style:normal;
	font-family:Courier;}
.boundstyle
	{font-size:10.0pt;
	font-weight:400;
	font-style:normal;
	font-family:Courier;
        color:red}
-->
</style>
</head>

<body bgcolor="#ffffff">
<p>biogeme 2.6a [Sun Aug 26 15:54:37 BST 2018]</p>
<p>Home page: <a href='http://biogeme.epfl.ch' target='_blank'>http://biogeme.epfl.ch</a></p>
<p>Submit questions to <a href='https://groups.google.com/d/forum/biogeme' target='_blank'>https://groups.google.com/d/forum/biogeme</a></p>
<p><a href='http://people.epfl.ch/michel.bierlaire'>Michel Bierlaire</a>, <a href='http://transp-or.epfl.ch'>Transport and Mobility Laboratory</a>, <a href='http://www.epfl.ch'>Ecole Polytechnique F&eacute;d&eacute;rale de Lausanne (EPFL)</a></p>
<p>This file has automatically been generated on
Sun Dec 16 15:23:44 2018</p>
<p>If you drag this HTML file into the Calc application of <a href='http://www.openoffice.org/' target='_blank'>OpenOffice</a>, or the spreadsheet of <a href='https://www.libreoffice.org/' target='_blank'>LibreOffice</a>, you will be able to perform additional calculations.</p><table><tr class=biostyle><td align=right><strong>Report file</strong>:	</td><td>simul_Model_4_increase.html</td></tr><tr class=biostyle><td align=right><strong>Sample file</strong>:	</td><td>__bin_optimaDataset_6.dat</td></tr></table><h1>Formulas</h1>
<table border="0">
<tr class=biostyle><td align=right><strong><em>Car utility:</em></strong>	</td><td><em>ASC_CAR * one + BETA_COST_SHARE_CAR * CostCarShare_norm_increased + ( BETA_TIME_CAR * ( ( TimeCar ^ LAMBDA_TIME_CAR ) - ( 1 ) ) ) / LAMBDA_TIME_CAR + BETA_NbCar * NbCars + BETA_NbChild * NbChildren + BETA_LANGUAGE * FrenchRegion + BETA_WorkTrip * WORK</em></td></tr><tr class=biostyle><td align=right><strong><em>PT utility:</em></strong>	</td><td><em>BETA_COST_SHARE_PT * CostPTShare_norm + ( BETA_TIME_PT * ( ( TimePT ^ LAMBDA_TIME_PT ) - ( 1 ) ) ) / LAMBDA_TIME_PT + BETA_Urban * URBAN + BETA_Student * STUDENT</em></td></tr><tr class=biostyle><td align=right><strong><em>SM utility:</em></strong>	</td><td><em>ASC_SM * one + ( BETA_DIST * ( ( distance_km ^ LAMBDA_DIST ) - ( 1 ) ) ) / LAMBDA_DIST + BETA_Nbikes * NbBikes</em></td></tr></table>
<h1>Statistics</h1>
<table border="0">
<tr class=biostyle><td align=right><strong><em>Alt. 0 available:</em></strong>	</td><td><em>1550</em></td></tr><tr class=biostyle><td align=right><strong><em>Alt. 0 chosen:</em></strong>	</td><td><em>426</em></td></tr><tr class=biostyle><td align=right><strong><em>Alt. 1 available:</em></strong>	</td><td><em>1550</em></td></tr><tr class=biostyle><td align=right><strong><em>Alt. 1 chosen:</em></strong>	</td><td><em>1030</em></td></tr><tr class=biostyle><td align=right><strong><em>Alt. 2 available:</em></strong>	</td><td><em>1550</em></td></tr><tr class=biostyle><td align=right><strong><em>Alt. 2 chosen:</em></strong>	</td><td><em>94</em></td></tr><tr class=biostyle><td align=right><strong><em>Cte loglikelihood (only for full choice sets):</em></strong>	</td><td><em>-1234.62</em></td></tr><tr class=biostyle><td align=right><strong><em>Null loglikelihood:</em></strong>	</td><td><em>-1702.85</em></td></tr></table>
<h1>Simulation report</h1>

<p>Number of draws for Monte-Carlo: 1000</p>
<p>Type of draws: MLHS</p>
<h2>Aggregate values</h2><table border='1'>
<tr><th></th><th>01 Prob CAR</th><th>02 Prob PT</th><th>03 Prob SM</th><th>__weight</th></tr><tr><th>Total</th><td>1021.39</td><td>434.17</td><td>94.4379</td><td>1550</td></tr><tr><th>Weighted total</th><td>970.259</td><td>488.757</td><td>90.9834</td><td>3892.04</td></tr><tr><th>Average</th><td>0.658963</td><td>0.280109</td><td>0.0609277</td><td>1</td></tr><tr><th>Weighted average</th><td>0.625974</td><td>0.315327</td><td>0.058699</td><td>2.51099</td></tr><tr><th>Non zeros</th><td>1550</td><td>1550</td><td>1550</td><td>1550</td></tr><tr><th>Non zeros average</th><td>0.658963</td><td>0.280109</td><td>0.0609277</td><td>1</td></tr><tr><th>Weighted non zeros average</th><td>0.625974</td><td>0.315327</td><td>0.058699</td><td>2.51099</td></tr><tr><th>Minimum</th><td>5.73321e-05</td><td>0.000201264</td><td>2.18518e-07</td><td>0.186214</td></tr><tr><th>Maximum</th><td>0.997399</td><td>0.999942</td><td>0.935418</td><td>18.289</td></tr></table><h2>Detailed records</h2><table border='1'>
<tr><th>Row</th><th>01 Prob CAR</th><th>02 Prob PT</th><th>03 Prob SM</th><th>__weight</th></tr><tr><td>1</td><td>0.954328</td><td>0.0398309</td><td>0.00584111</td><td>0.914458</td></tr><tr><td>2</td><td>0.876606</td><td>0.114213</td><td>0.00918052</td><td>0.386773</td></tr><tr><td>3</td><td>0.68662</td><td>0.255166</td><td>0.0582139</td><td>2.10135</td></tr><tr><td>4</td><td>0.294869</td><td>0.682366</td><td>0.0227652</td><td>11.5361</td></tr><tr><td>5</td><td>0.611037</td><td>0.0803304</td><td>0.308633</td><td>0.888772</td></tr><tr><td>6</td><td>0.433892</td><td>0.55919</td><td>0.00691787</td><td>0.988111</td></tr><tr><td>7</td><td>0.949147</td><td>0.0439887</td><td>0.00686436</td><td>0.988111</td></tr><tr><td>8</td><td>0.591442</td><td>0.384598</td><td>0.0239594</td><td>0.822522</td></tr><tr><td>9</td><td>0.505341</td><td>0.0236543</td><td>0.471005</td><td>0.623191</td></tr><tr><td>10</td><td>0.537524</td><td>0.449243</td><td>0.0132323</td><td>0.776014</td></tr><tr><td>11</td><td>0.31624</td><td>0.67017</td><td>0.01359</td><td>2.10135</td></tr><tr><td>12</td><td>0.715229</td><td>0.268315</td><td>0.0164559</td><td>0.303752</td></tr><tr><td>13</td><td>0.9939</td><td>0.00282735</td><td>0.00327262</td><td>0.776014</td></tr><tr><td>14</td><td>0.855555</td><td>0.134724</td><td>0.00972178</td><td>0.776014</td></tr><tr><td>15</td><td>0.00937293</td><td>0.990584</td><td>4.27966e-05</td><td>0.560537</td></tr><tr><td>16</td><td>0.755136</td><td>0.242237</td><td>0.00262658</td><td>0.237176</td></tr><tr><td>17</td><td>0.923053</td><td>0.0230043</td><td>0.0539423</td><td>0.888772</td></tr><tr><td>18</td><td>0.645279</td><td>0.11024</td><td>0.24448</td><td>0.988111</td></tr><tr><td>19</td><td>0.259786</td><td>0.74005</td><td>0.000163734</td><td>0.988111</td></tr><tr><td>20</td><td>0.434641</td><td>0.564552</td><td>0.000807393</td><td>0.988111</td></tr><tr><td>21</td><td>0.514474</td><td>0.451614</td><td>0.033912</td><td>2.33622</td></tr><tr><td>22</td><td>0.566404</td><td>0.420735</td><td>0.0128606</td><td>0.776014</td></tr><tr><td>23</td><td>0.969905</td><td>0.0289029</td><td>0.0011922</td><td>2.10135</td></tr><tr><td>24</td><td>0.11208</td><td>0.887702</td><td>0.000217829</td><td>0.623191</td></tr><tr><td>25</td><td>0.646692</td><td>0.33619</td><td>0.0171183</td><td>0.888772</td></tr><tr><td>26</td><td>0.909061</td><td>0.064335</td><td>0.0266044</td><td>3.55554</td></tr><tr><td>27</td><td>0.666556</td><td>0.319809</td><td>0.0136354</td><td>0.263579</td></tr><tr><td>28</td><td>0.896039</td><td>0.103444</td><td>0.00051697</td><td>0.988111</td></tr><tr><td>29</td><td>0.843513</td><td>0.0437093</td><td>0.112777</td><td>0.623191</td></tr><tr><td>30</td><td>0.0221064</td><td>0.975391</td><td>0.00250244</td><td>9.34608</td></tr><tr><td>31</td><td>0.688181</td><td>0.304295</td><td>0.00752459</td><td>0.263579</td></tr><tr><td>32</td><td>0.580321</td><td>0.412253</td><td>0.00742542</td><td>2.33622</td></tr><tr><td>33</td><td>0.332699</td><td>0.0141305</td><td>0.653171</td><td>0.888772</td></tr><tr><td>34</td><td>0.971777</td><td>0.0128946</td><td>0.0153281</td><td>0.237176</td></tr><tr><td>35</td><td>0.749957</td><td>0.247581</td><td>0.00246173</td><td>0.206985</td></tr><tr><td>36</td><td>0.412555</td><td>0.587348</td><td>9.74499e-05</td><td>0.386773</td></tr><tr><td>37</td><td>0.451358</td><td>0.520548</td><td>0.0280939</td><td>0.888772</td></tr><tr><td>38</td><td>0.572062</td><td>0.42657</td><td>0.00136789</td><td>0.988111</td></tr><tr><td>39</td><td>0.990008</td><td>0.00930796</td><td>0.000684487</td><td>0.386773</td></tr><tr><td>40</td><td>0.458019</td><td>0.502566</td><td>0.039415</td><td>2.10135</td></tr><tr><td>41</td><td>0.771219</td><td>0.205689</td><td>0.0230919</td><td>18.289</td></tr><tr><td>42</td><td>0.385159</td><td>0.56796</td><td>0.0468809</td><td>0.988111</td></tr><tr><td>43</td><td>0.906191</td><td>0.0457923</td><td>0.0480171</td><td>0.888772</td></tr><tr><td>44</td><td>0.497678</td><td>0.480122</td><td>0.0221999</td><td>0.888772</td></tr><tr><td>45</td><td>0.697237</td><td>0.166271</td><td>0.136492</td><td>0.988111</td></tr><tr><td>46</td><td>0.697752</td><td>0.298662</td><td>0.00358557</td><td>0.386773</td></tr><tr><td>47</td><td>0.669173</td><td>0.324906</td><td>0.00592181</td><td>2.33622</td></tr><tr><td>48</td><td>0.579782</td><td>0.355445</td><td>0.0647723</td><td>0.263579</td></tr><tr><td>49</td><td>0.772799</td><td>0.211781</td><td>0.0154195</td><td>2.10135</td></tr><tr><td>50</td><td>0.391827</td><td>0.485524</td><td>0.122649</td><td>0.888772</td></tr><tr><td>51</td><td>0.928607</td><td>0.071075</td><td>0.000318222</td><td>0.263579</td></tr><tr><td>52</td><td>0.918736</td><td>0.0780202</td><td>0.00324362</td><td>0.237176</td></tr><tr><td>53</td><td>0.896571</td><td>0.102337</td><td>0.00109273</td><td>0.988111</td></tr><tr><td>54</td><td>0.708013</td><td>0.284799</td><td>0.00718761</td><td>0.386773</td></tr><tr><td>55</td><td>0.902273</td><td>0.0974165</td><td>0.000310232</td><td>0.776014</td></tr><tr><td>56</td><td>0.247523</td><td>0.129231</td><td>0.623246</td><td>0.560537</td></tr><tr><td>57</td><td>0.446022</td><td>0.00381445</td><td>0.550164</td><td>0.988111</td></tr><tr><td>58</td><td>0.618096</td><td>0.365995</td><td>0.0159086</td><td>0.988111</td></tr><tr><td>59</td><td>0.215612</td><td>0.069053</td><td>0.715335</td><td>0.386773</td></tr><tr><td>60</td><td>0.830552</td><td>0.157345</td><td>0.0121037</td><td>0.888772</td></tr><tr><td>61</td><td>0.775676</td><td>0.0894137</td><td>0.13491</td><td>0.347888</td></tr><tr><td>62</td><td>0.522212</td><td>0.444033</td><td>0.0337549</td><td>0.263579</td></tr><tr><td>63</td><td>0.905091</td><td>0.0698532</td><td>0.0250561</td><td>2.33622</td></tr><tr><td>64</td><td>0.482565</td><td>0.503341</td><td>0.0140943</td><td>0.776014</td></tr><tr><td>65</td><td>0.0950533</td><td>0.904681</td><td>0.00026547</td><td>0.237176</td></tr><tr><td>66</td><td>0.0244886</td><td>0.973083</td><td>0.00242846</td><td>0.560537</td></tr><tr><td>67</td><td>0.710374</td><td>0.0355245</td><td>0.254102</td><td>0.237176</td></tr><tr><td>68</td><td>0.953093</td><td>0.0456932</td><td>0.0012142</td><td>0.237176</td></tr><tr><td>69</td><td>0.290383</td><td>0.0382069</td><td>0.67141</td><td>0.623191</td></tr><tr><td>70</td><td>0.369525</td><td>0.624776</td><td>0.00569893</td><td>0.623191</td></tr><tr><td>71</td><td>0.643102</td><td>0.320373</td><td>0.0365254</td><td>0.263579</td></tr><tr><td>72</td><td>0.306157</td><td>0.676352</td><td>0.0174908</td><td>1.83191</td></tr><tr><td>73</td><td>0.0161478</td><td>0.983802</td><td>5.0525e-05</td><td>5.30253</td></tr><tr><td>74</td><td>0.68343</td><td>0.240524</td><td>0.0760455</td><td>0.560537</td></tr><tr><td>75</td><td>0.298158</td><td>0.0835204</td><td>0.618322</td><td>0.206985</td></tr><tr><td>76</td><td>0.770303</td><td>0.216787</td><td>0.0129103</td><td>0.697998</td></tr><tr><td>77</td><td>0.604482</td><td>0.336343</td><td>0.0591752</td><td>2.10135</td></tr><tr><td>78</td><td>0.932856</td><td>0.0414682</td><td>0.0256762</td><td>0.888772</td></tr><tr><td>79</td><td>0.852384</td><td>0.115291</td><td>0.0323255</td><td>0.988111</td></tr><tr><td>80</td><td>0.767162</td><td>0.228821</td><td>0.00401654</td><td>0.263579</td></tr><tr><td>81</td><td>0.398753</td><td>0.14938</td><td>0.451867</td><td>0.263579</td></tr><tr><td>82</td><td>0.692448</td><td>0.248716</td><td>0.0588357</td><td>0.988111</td></tr><tr><td>83</td><td>0.976107</td><td>0.0173113</td><td>0.006582</td><td>0.988111</td></tr><tr><td>84</td><td>0.984417</td><td>0.0149253</td><td>0.000657896</td><td>0.888772</td></tr><tr><td>85</td><td>0.812944</td><td>0.156513</td><td>0.0305431</td><td>2.10135</td></tr><tr><td>86</td><td>0.9765</td><td>0.0183173</td><td>0.00518261</td><td>2.33622</td></tr><tr><td>87</td><td>0.0289035</td><td>0.967755</td><td>0.00334175</td><td>2.10135</td></tr><tr><td>88</td><td>0.775149</td><td>0.209805</td><td>0.015046</td><td>0.263579</td></tr><tr><td>89</td><td>0.453643</td><td>0.541918</td><td>0.00443889</td><td>2.10135</td></tr><tr><td>90</td><td>0.280621</td><td>0.710551</td><td>0.00882841</td><td>0.237176</td></tr><tr><td>91</td><td>0.97545</td><td>0.0224018</td><td>0.00214865</td><td>0.560537</td></tr><tr><td>92</td><td>0.916173</td><td>0.0741046</td><td>0.00972288</td><td>1.32546</td></tr><tr><td>93</td><td>0.765087</td><td>0.233025</td><td>0.00188728</td><td>0.263579</td></tr><tr><td>94</td><td>0.452505</td><td>0.530469</td><td>0.0170264</td><td>0.888772</td></tr><tr><td>95</td><td>0.979084</td><td>0.0196664</td><td>0.00124999</td><td>0.888772</td></tr><tr><td>96</td><td>0.846477</td><td>0.138146</td><td>0.0153771</td><td>0.988111</td></tr><tr><td>97</td><td>0.864219</td><td>0.129392</td><td>0.00638935</td><td>0.623191</td></tr><tr><td>98</td><td>0.909645</td><td>0.0637188</td><td>0.0266364</td><td>0.888772</td></tr><tr><td>99</td><td>0.765409</td><td>0.175639</td><td>0.0589519</td><td>0.988111</td></tr><tr><td>100</td><td>0.312208</td><td>0.682111</td><td>0.00568106</td><td>0.888772</td></tr><tr><td>101</td><td>0.685986</td><td>0.30081</td><td>0.0132031</td><td>0.888772</td></tr><tr><td>102</td><td>0.840475</td><td>0.144864</td><td>0.0146619</td><td>3.55554</td></tr><tr><td>103</td><td>0.45412</td><td>0.543693</td><td>0.00218722</td><td>0.988111</td></tr><tr><td>104</td><td>0.791939</td><td>0.203663</td><td>0.00439754</td><td>0.888772</td></tr><tr><td>105</td><td>0.92973</td><td>0.0577485</td><td>0.0125215</td><td>0.988111</td></tr><tr><td>106</td><td>0.446374</td><td>0.418194</td><td>0.135432</td><td>0.263579</td></tr><tr><td>107</td><td>0.481499</td><td>0.458727</td><td>0.0597735</td><td>2.10135</td></tr><tr><td>108</td><td>0.857148</td><td>0.135038</td><td>0.00781355</td><td>2.10135</td></tr><tr><td>109</td><td>0.746145</td><td>0.204038</td><td>0.0498172</td><td>0.386773</td></tr><tr><td>110</td><td>0.386182</td><td>0.610144</td><td>0.0036742</td><td>0.697998</td></tr><tr><td>111</td><td>0.797198</td><td>0.176945</td><td>0.0258571</td><td>0.206985</td></tr><tr><td>112</td><td>0.950311</td><td>0.0407756</td><td>0.00891351</td><td>0.888772</td></tr><tr><td>113</td><td>0.958498</td><td>0.00905627</td><td>0.0324453</td><td>2.10135</td></tr><tr><td>114</td><td>0.0436163</td><td>0.95633</td><td>5.35442e-05</td><td>0.776014</td></tr><tr><td>115</td><td>0.621451</td><td>0.354528</td><td>0.0240204</td><td>0.888772</td></tr><tr><td>116</td><td>0.951839</td><td>0.0458513</td><td>0.00231016</td><td>0.303752</td></tr><tr><td>117</td><td>0.439218</td><td>0.545749</td><td>0.015033</td><td>2.10135</td></tr><tr><td>118</td><td>0.524919</td><td>0.402326</td><td>0.0727545</td><td>0.697998</td></tr><tr><td>119</td><td>0.992759</td><td>0.00621892</td><td>0.00102229</td><td>0.237176</td></tr><tr><td>120</td><td>0.400237</td><td>0.227207</td><td>0.372556</td><td>0.386773</td></tr><tr><td>121</td><td>0.482667</td><td>0.497963</td><td>0.0193701</td><td>0.263579</td></tr><tr><td>122</td><td>0.311987</td><td>0.0938804</td><td>0.594133</td><td>0.186214</td></tr><tr><td>123</td><td>0.226032</td><td>0.773424</td><td>0.000543866</td><td>0.353568</td></tr><tr><td>124</td><td>0.27122</td><td>0.710775</td><td>0.0180058</td><td>0.237176</td></tr><tr><td>125</td><td>0.446814</td><td>0.241802</td><td>0.311384</td><td>0.237176</td></tr><tr><td>126</td><td>0.674225</td><td>0.321311</td><td>0.00446426</td><td>0.988111</td></tr><tr><td>127</td><td>0.778437</td><td>0.220395</td><td>0.001168</td><td>0.623191</td></tr><tr><td>128</td><td>0.0348026</td><td>0.956174</td><td>0.00902323</td><td>0.623191</td></tr><tr><td>129</td><td>0.954905</td><td>0.0311056</td><td>0.0139896</td><td>0.237176</td></tr><tr><td>130</td><td>0.973004</td><td>0.0112452</td><td>0.0157506</td><td>0.888772</td></tr><tr><td>131</td><td>0.919933</td><td>0.0794009</td><td>0.000666383</td><td>0.386773</td></tr><tr><td>132</td><td>0.958712</td><td>0.00551231</td><td>0.035776</td><td>0.822522</td></tr><tr><td>133</td><td>0.524742</td><td>0.0403701</td><td>0.434888</td><td>0.988111</td></tr><tr><td>134</td><td>0.471102</td><td>0.522694</td><td>0.00620358</td><td>0.888772</td></tr><tr><td>135</td><td>0.801838</td><td>0.195106</td><td>0.00305595</td><td>0.488662</td></tr><tr><td>136</td><td>0.742704</td><td>0.242514</td><td>0.0147825</td><td>0.822522</td></tr><tr><td>137</td><td>0.814138</td><td>0.178151</td><td>0.00771104</td><td>0.347888</td></tr><tr><td>138</td><td>0.836587</td><td>0.146862</td><td>0.0165508</td><td>0.263579</td></tr><tr><td>139</td><td>0.991263</td><td>0.00786909</td><td>0.000868268</td><td>0.888772</td></tr><tr><td>140</td><td>0.556978</td><td>0.0688867</td><td>0.374135</td><td>3.10446</td></tr><tr><td>141</td><td>0.89073</td><td>0.105874</td><td>0.00339588</td><td>0.888772</td></tr><tr><td>142</td><td>0.286932</td><td>0.711145</td><td>0.00192246</td><td>0.237176</td></tr><tr><td>143</td><td>0.401413</td><td>0.502651</td><td>0.0959363</td><td>0.263579</td></tr><tr><td>144</td><td>0.843736</td><td>0.153364</td><td>0.00289998</td><td>0.237176</td></tr><tr><td>145</td><td>0.879415</td><td>0.0895917</td><td>0.0309938</td><td>0.888772</td></tr><tr><td>146</td><td>0.929427</td><td>0.0681572</td><td>0.0024162</td><td>2.33622</td></tr><tr><td>147</td><td>0.250687</td><td>0.0718233</td><td>0.67749</td><td>0.988111</td></tr><tr><td>148</td><td>0.111062</td><td>0.885413</td><td>0.0035251</td><td>0.888772</td></tr><tr><td>149</td><td>0.909917</td><td>0.0319044</td><td>0.0581787</td><td>0.888772</td></tr><tr><td>150</td><td>0.918827</td><td>0.0664528</td><td>0.0147204</td><td>0.263579</td></tr><tr><td>151</td><td>0.682581</td><td>0.287049</td><td>0.03037</td><td>3.95295</td></tr><tr><td>152</td><td>0.861004</td><td>0.13702</td><td>0.00197609</td><td>0.347888</td></tr><tr><td>153</td><td>0.461428</td><td>0.513822</td><td>0.0247498</td><td>0.186214</td></tr><tr><td>154</td><td>0.635594</td><td>0.348245</td><td>0.0161613</td><td>0.303752</td></tr><tr><td>155</td><td>0.717442</td><td>0.265736</td><td>0.0168213</td><td>0.237176</td></tr><tr><td>156</td><td>0.906391</td><td>0.091977</td><td>0.00163198</td><td>2.10135</td></tr><tr><td>157</td><td>0.581758</td><td>0.369953</td><td>0.0482883</td><td>0.206985</td></tr><tr><td>158</td><td>0.313675</td><td>0.678313</td><td>0.00801254</td><td>0.263579</td></tr><tr><td>159</td><td>0.572663</td><td>0.420035</td><td>0.00730172</td><td>0.347888</td></tr><tr><td>160</td><td>0.415562</td><td>0.575141</td><td>0.00929782</td><td>2.10135</td></tr><tr><td>161</td><td>0.759526</td><td>0.232594</td><td>0.00787999</td><td>0.206985</td></tr><tr><td>162</td><td>0.98828</td><td>0.0109373</td><td>0.000782956</td><td>0.776014</td></tr><tr><td>163</td><td>0.160164</td><td>0.839469</td><td>0.000366413</td><td>0.623191</td></tr><tr><td>164</td><td>0.239835</td><td>0.663316</td><td>0.0968492</td><td>0.237176</td></tr><tr><td>165</td><td>0.930489</td><td>0.0540126</td><td>0.015498</td><td>0.888772</td></tr><tr><td>166</td><td>0.361677</td><td>0.524938</td><td>0.113385</td><td>0.263579</td></tr><tr><td>167</td><td>0.65118</td><td>0.200828</td><td>0.147992</td><td>0.303752</td></tr><tr><td>168</td><td>0.759599</td><td>0.0892599</td><td>0.151141</td><td>0.988111</td></tr><tr><td>169</td><td>0.980821</td><td>0.0165914</td><td>0.00258725</td><td>0.888772</td></tr><tr><td>170</td><td>0.92471</td><td>0.0628948</td><td>0.0123951</td><td>0.888772</td></tr><tr><td>171</td><td>0.643371</td><td>0.354764</td><td>0.00186466</td><td>0.888772</td></tr><tr><td>172</td><td>0.949388</td><td>0.0435541</td><td>0.00705745</td><td>0.888772</td></tr><tr><td>173</td><td>0.834041</td><td>0.152744</td><td>0.0132153</td><td>1.83191</td></tr><tr><td>174</td><td>0.982553</td><td>0.0162049</td><td>0.00124234</td><td>0.988111</td></tr><tr><td>175</td><td>0.777455</td><td>0.147086</td><td>0.0754583</td><td>0.386773</td></tr><tr><td>176</td><td>0.696029</td><td>0.280922</td><td>0.0230482</td><td>0.776014</td></tr><tr><td>177</td><td>0.692103</td><td>0.284956</td><td>0.0229412</td><td>0.237176</td></tr><tr><td>178</td><td>0.227966</td><td>0.76988</td><td>0.002154</td><td>0.822522</td></tr><tr><td>179</td><td>0.365957</td><td>0.359381</td><td>0.274662</td><td>0.237176</td></tr><tr><td>180</td><td>0.251909</td><td>0.746237</td><td>0.00185395</td><td>0.888772</td></tr><tr><td>181</td><td>0.378525</td><td>0.106375</td><td>0.5151</td><td>0.206985</td></tr><tr><td>182</td><td>0.995957</td><td>0.00384141</td><td>0.000201729</td><td>0.386773</td></tr><tr><td>183</td><td>0.313532</td><td>0.590196</td><td>0.096272</td><td>0.386773</td></tr><tr><td>184</td><td>0.46807</td><td>0.5254</td><td>0.00652938</td><td>0.888772</td></tr><tr><td>185</td><td>0.964216</td><td>0.0352014</td><td>0.000582667</td><td>0.888772</td></tr><tr><td>186</td><td>0.332227</td><td>0.658576</td><td>0.0091962</td><td>0.697998</td></tr><tr><td>187</td><td>0.0165827</td><td>0.983368</td><td>4.90186e-05</td><td>0.776014</td></tr><tr><td>188</td><td>0.640274</td><td>0.3563</td><td>0.00342607</td><td>0.988111</td></tr><tr><td>189</td><td>0.424203</td><td>0.36988</td><td>0.205917</td><td>0.263579</td></tr><tr><td>190</td><td>0.361846</td><td>0.0611018</td><td>0.577052</td><td>0.206985</td></tr><tr><td>191</td><td>0.794865</td><td>0.188046</td><td>0.0170891</td><td>0.776014</td></tr><tr><td>192</td><td>0.48436</td><td>0.509128</td><td>0.00651276</td><td>0.386773</td></tr><tr><td>193</td><td>0.333857</td><td>0.642187</td><td>0.0239556</td><td>0.263579</td></tr><tr><td>194</td><td>0.434309</td><td>0.561174</td><td>0.00451682</td><td>2.10135</td></tr><tr><td>195</td><td>0.560759</td><td>0.432151</td><td>0.00709048</td><td>0.237176</td></tr><tr><td>196</td><td>0.859805</td><td>0.133092</td><td>0.00710283</td><td>0.988111</td></tr><tr><td>197</td><td>0.979274</td><td>0.0168847</td><td>0.00384107</td><td>0.560537</td></tr><tr><td>198</td><td>0.436124</td><td>0.48845</td><td>0.0754252</td><td>2.10135</td></tr><tr><td>199</td><td>0.509029</td><td>0.402035</td><td>0.0889357</td><td>0.237176</td></tr><tr><td>200</td><td>0.70119</td><td>0.28618</td><td>0.0126304</td><td>0.988111</td></tr><tr><td>201</td><td>0.127257</td><td>0.870787</td><td>0.00195531</td><td>5.89521</td></tr><tr><td>202</td><td>0.82075</td><td>0.168605</td><td>0.0106448</td><td>0.263579</td></tr><tr><td>203</td><td>0.684211</td><td>0.121186</td><td>0.194603</td><td>0.623191</td></tr><tr><td>204</td><td>0.406036</td><td>0.472337</td><td>0.121626</td><td>0.697998</td></tr><tr><td>205</td><td>0.566864</td><td>0.00195394</td><td>0.431182</td><td>0.988111</td></tr><tr><td>206</td><td>0.930822</td><td>0.0632007</td><td>0.00597742</td><td>0.263579</td></tr><tr><td>207</td><td>0.416143</td><td>0.58006</td><td>0.00379676</td><td>0.263579</td></tr><tr><td>208</td><td>0.974607</td><td>0.0249259</td><td>0.000467243</td><td>0.386773</td></tr><tr><td>209</td><td>0.384926</td><td>0.613952</td><td>0.00112167</td><td>2.33622</td></tr><tr><td>210</td><td>0.352794</td><td>0.647131</td><td>7.43476e-05</td><td>0.263579</td></tr><tr><td>211</td><td>0.804664</td><td>0.195287</td><td>4.92368e-05</td><td>0.386773</td></tr><tr><td>212</td><td>0.830738</td><td>0.162899</td><td>0.0063623</td><td>0.560537</td></tr><tr><td>213</td><td>0.926798</td><td>0.0698429</td><td>0.00335885</td><td>0.988111</td></tr><tr><td>214</td><td>0.942799</td><td>0.05105</td><td>0.00615118</td><td>0.237176</td></tr><tr><td>215</td><td>0.698192</td><td>0.293127</td><td>0.00868128</td><td>0.988111</td></tr><tr><td>216</td><td>0.968842</td><td>0.00973557</td><td>0.0214229</td><td>0.888772</td></tr><tr><td>217</td><td>0.522944</td><td>0.435698</td><td>0.0413578</td><td>0.888772</td></tr><tr><td>218</td><td>0.103307</td><td>0.889763</td><td>0.00693073</td><td>5.30253</td></tr><tr><td>219</td><td>0.778145</td><td>0.161699</td><td>0.0601558</td><td>0.386773</td></tr><tr><td>220</td><td>0.365014</td><td>0.633374</td><td>0.00161182</td><td>0.888772</td></tr><tr><td>221</td><td>0.727179</td><td>0.242348</td><td>0.0304736</td><td>0.206985</td></tr><tr><td>222</td><td>0.963854</td><td>0.0247199</td><td>0.0114256</td><td>0.822522</td></tr><tr><td>223</td><td>0.402387</td><td>0.593015</td><td>0.00459713</td><td>0.888772</td></tr><tr><td>224</td><td>0.726947</td><td>0.197327</td><td>0.0757257</td><td>3.95295</td></tr><tr><td>225</td><td>0.697463</td><td>0.216847</td><td>0.0856906</td><td>0.237176</td></tr><tr><td>226</td><td>0.224817</td><td>0.729393</td><td>0.0457897</td><td>0.347888</td></tr><tr><td>227</td><td>0.635562</td><td>0.320564</td><td>0.0438741</td><td>0.776014</td></tr><tr><td>228</td><td>0.469321</td><td>0.285856</td><td>0.244823</td><td>0.237176</td></tr><tr><td>229</td><td>0.122223</td><td>0.877713</td><td>6.43671e-05</td><td>0.988111</td></tr><tr><td>230</td><td>0.185991</td><td>0.813607</td><td>0.000401937</td><td>0.623191</td></tr><tr><td>231</td><td>0.952109</td><td>0.0477103</td><td>0.000181153</td><td>0.988111</td></tr><tr><td>232</td><td>0.957428</td><td>0.0367569</td><td>0.00581542</td><td>0.186214</td></tr><tr><td>233</td><td>0.977774</td><td>0.0201908</td><td>0.00203568</td><td>0.560537</td></tr><tr><td>234</td><td>0.765409</td><td>0.175639</td><td>0.0589519</td><td>0.988111</td></tr><tr><td>235</td><td>0.481523</td><td>0.0750791</td><td>0.443398</td><td>0.263579</td></tr><tr><td>236</td><td>0.452263</td><td>0.52244</td><td>0.0252967</td><td>2.10135</td></tr><tr><td>237</td><td>0.211199</td><td>0.265015</td><td>0.523785</td><td>0.988111</td></tr><tr><td>238</td><td>0.237852</td><td>0.759503</td><td>0.00264493</td><td>0.776014</td></tr><tr><td>239</td><td>0.789501</td><td>0.1966</td><td>0.0138997</td><td>0.888772</td></tr><tr><td>240</td><td>0.975175</td><td>0.0223232</td><td>0.00250204</td><td>0.697998</td></tr><tr><td>241</td><td>0.846603</td><td>0.135633</td><td>0.0177636</td><td>0.206985</td></tr><tr><td>242</td><td>0.931151</td><td>0.0598065</td><td>0.00904288</td><td>0.988111</td></tr><tr><td>243</td><td>0.470838</td><td>0.500839</td><td>0.0283235</td><td>0.303752</td></tr><tr><td>244</td><td>0.779414</td><td>0.203046</td><td>0.0175401</td><td>0.560537</td></tr><tr><td>245</td><td>0.832701</td><td>0.167046</td><td>0.000252987</td><td>0.263579</td></tr><tr><td>246</td><td>0.957543</td><td>0.0184598</td><td>0.0239976</td><td>0.263579</td></tr><tr><td>247</td><td>0.226377</td><td>0.772501</td><td>0.00112221</td><td>0.386773</td></tr><tr><td>248</td><td>0.9176</td><td>0.0689198</td><td>0.0134801</td><td>0.776014</td></tr><tr><td>249</td><td>0.387508</td><td>0.00114021</td><td>0.611352</td><td>2.10135</td></tr><tr><td>250</td><td>0.946513</td><td>0.0499354</td><td>0.00355184</td><td>0.888772</td></tr><tr><td>251</td><td>0.990656</td><td>0.00812522</td><td>0.00121909</td><td>0.347888</td></tr><tr><td>252</td><td>0.346517</td><td>0.63946</td><td>0.014023</td><td>0.822522</td></tr><tr><td>253</td><td>0.421138</td><td>0.457479</td><td>0.121384</td><td>3.55554</td></tr><tr><td>254</td><td>0.967597</td><td>0.032187</td><td>0.00021601</td><td>0.623191</td></tr><tr><td>255</td><td>0.00027784</td><td>0.999698</td><td>2.37652e-05</td><td>2.33622</td></tr><tr><td>256</td><td>0.856028</td><td>0.112875</td><td>0.031097</td><td>0.206985</td></tr><tr><td>257</td><td>0.332212</td><td>0.660199</td><td>0.00758849</td><td>0.988111</td></tr><tr><td>258</td><td>0.132509</td><td>0.866289</td><td>0.00120135</td><td>5.30253</td></tr><tr><td>259</td><td>0.530138</td><td>0.459584</td><td>0.010278</td><td>0.988111</td></tr><tr><td>260</td><td>0.779197</td><td>0.140917</td><td>0.0798859</td><td>2.33622</td></tr><tr><td>261</td><td>0.399649</td><td>0.596611</td><td>0.00374013</td><td>0.347888</td></tr><tr><td>262</td><td>0.615525</td><td>0.102065</td><td>0.282409</td><td>3.10446</td></tr><tr><td>263</td><td>0.983418</td><td>0.0164488</td><td>0.000133304</td><td>0.988111</td></tr><tr><td>264</td><td>0.713279</td><td>0.0828703</td><td>0.203851</td><td>0.386773</td></tr><tr><td>265</td><td>0.594314</td><td>0.387806</td><td>0.0178797</td><td>0.206985</td></tr><tr><td>266</td><td>0.239881</td><td>0.759037</td><td>0.00108243</td><td>0.263579</td></tr><tr><td>267</td><td>0.584322</td><td>0.394242</td><td>0.0214357</td><td>0.888772</td></tr><tr><td>268</td><td>0.952309</td><td>0.0315774</td><td>0.0161135</td><td>0.560537</td></tr><tr><td>269</td><td>0.809002</td><td>0.1675</td><td>0.0234986</td><td>0.263579</td></tr><tr><td>270</td><td>0.705016</td><td>0.268974</td><td>0.0260096</td><td>0.263579</td></tr><tr><td>271</td><td>0.728675</td><td>0.14607</td><td>0.125255</td><td>0.623191</td></tr><tr><td>272</td><td>0.599529</td><td>0.383548</td><td>0.0169221</td><td>0.888772</td></tr><tr><td>273</td><td>0.740683</td><td>0.253202</td><td>0.00611556</td><td>0.263579</td></tr><tr><td>274</td><td>0.167814</td><td>0.823144</td><td>0.00904129</td><td>0.988111</td></tr><tr><td>275</td><td>0.199727</td><td>0.0835083</td><td>0.716765</td><td>0.237176</td></tr><tr><td>276</td><td>0.565689</td><td>0.410309</td><td>0.0240022</td><td>0.988111</td></tr><tr><td>277</td><td>0.96595</td><td>0.0332416</td><td>0.000808607</td><td>0.386773</td></tr><tr><td>278</td><td>0.798874</td><td>0.196906</td><td>0.00422017</td><td>0.988111</td></tr><tr><td>279</td><td>0.613466</td><td>0.38149</td><td>0.00504429</td><td>0.560537</td></tr><tr><td>280</td><td>0.962484</td><td>0.0358987</td><td>0.00161755</td><td>2.10135</td></tr><tr><td>281</td><td>0.713067</td><td>0.21567</td><td>0.0712631</td><td>0.888772</td></tr><tr><td>282</td><td>0.517308</td><td>0.303429</td><td>0.179263</td><td>0.888772</td></tr><tr><td>283</td><td>0.407635</td><td>0.311203</td><td>0.281162</td><td>0.988111</td></tr><tr><td>284</td><td>0.222146</td><td>0.764415</td><td>0.0134383</td><td>0.697998</td></tr><tr><td>285</td><td>0.985601</td><td>0.0142407</td><td>0.000157863</td><td>0.560537</td></tr><tr><td>286</td><td>0.134599</td><td>0.860854</td><td>0.00454717</td><td>0.560537</td></tr><tr><td>287</td><td>0.573991</td><td>0.0511807</td><td>0.374828</td><td>0.623191</td></tr><tr><td>288</td><td>0.683745</td><td>0.289358</td><td>0.0268964</td><td>0.237176</td></tr><tr><td>289</td><td>0.359637</td><td>0.201034</td><td>0.439328</td><td>0.988111</td></tr><tr><td>290</td><td>0.872481</td><td>0.121837</td><td>0.00568166</td><td>0.237176</td></tr><tr><td>291</td><td>0.824643</td><td>0.155633</td><td>0.0197238</td><td>0.776014</td></tr><tr><td>292</td><td>0.89433</td><td>0.0705621</td><td>0.0351083</td><td>0.988111</td></tr><tr><td>293</td><td>0.983519</td><td>0.000366235</td><td>0.016115</td><td>0.560537</td></tr><tr><td>294</td><td>0.902561</td><td>0.0958414</td><td>0.00159771</td><td>0.560537</td></tr><tr><td>295</td><td>0.927539</td><td>0.0698534</td><td>0.0026072</td><td>0.888772</td></tr><tr><td>296</td><td>0.973324</td><td>0.0217621</td><td>0.00491396</td><td>0.263579</td></tr><tr><td>297</td><td>0.756834</td><td>0.23724</td><td>0.00592617</td><td>0.697998</td></tr><tr><td>298</td><td>0.227292</td><td>0.771788</td><td>0.000919588</td><td>0.386773</td></tr><tr><td>299</td><td>0.176835</td><td>0.821161</td><td>0.00200433</td><td>0.988111</td></tr><tr><td>300</td><td>0.616462</td><td>0.0583476</td><td>0.32519</td><td>0.888772</td></tr><tr><td>301</td><td>0.903998</td><td>0.0152277</td><td>0.0807743</td><td>0.263579</td></tr><tr><td>302</td><td>0.302104</td><td>0.0562541</td><td>0.641641</td><td>0.263579</td></tr><tr><td>303</td><td>0.398809</td><td>0.600344</td><td>0.000846796</td><td>5.30253</td></tr><tr><td>304</td><td>0.921594</td><td>0.0590261</td><td>0.0193798</td><td>0.888772</td></tr><tr><td>305</td><td>0.670272</td><td>0.100252</td><td>0.229476</td><td>3.55554</td></tr><tr><td>306</td><td>0.728465</td><td>0.271142</td><td>0.000393264</td><td>2.33622</td></tr><tr><td>307</td><td>0.762275</td><td>0.227616</td><td>0.0101091</td><td>0.988111</td></tr><tr><td>308</td><td>0.591047</td><td>0.408726</td><td>0.00022725</td><td>0.303752</td></tr><tr><td>309</td><td>0.60377</td><td>0.349807</td><td>0.0464228</td><td>0.303752</td></tr><tr><td>310</td><td>0.524917</td><td>0.131291</td><td>0.343792</td><td>0.888772</td></tr><tr><td>311</td><td>0.428967</td><td>0.568581</td><td>0.00245154</td><td>0.697998</td></tr><tr><td>312</td><td>0.97682</td><td>0.00945609</td><td>0.0137239</td><td>0.776014</td></tr><tr><td>313</td><td>0.331185</td><td>0.642397</td><td>0.0264178</td><td>2.10135</td></tr><tr><td>314</td><td>0.818744</td><td>0.0666462</td><td>0.114609</td><td>0.697998</td></tr><tr><td>315</td><td>0.772531</td><td>0.179083</td><td>0.0483862</td><td>0.303752</td></tr><tr><td>316</td><td>0.836037</td><td>0.148311</td><td>0.0156522</td><td>0.560537</td></tr><tr><td>317</td><td>0.00182019</td><td>0.99811</td><td>7.02998e-05</td><td>2.10135</td></tr><tr><td>318</td><td>0.826189</td><td>0.0607304</td><td>0.113081</td><td>0.386773</td></tr><tr><td>319</td><td>0.850515</td><td>0.148654</td><td>0.000830534</td><td>0.263579</td></tr><tr><td>320</td><td>0.848768</td><td>0.0150403</td><td>0.136191</td><td>0.237176</td></tr><tr><td>321</td><td>0.956531</td><td>0.00813342</td><td>0.0353358</td><td>2.33622</td></tr><tr><td>322</td><td>0.45214</td><td>0.545491</td><td>0.00236899</td><td>0.347888</td></tr><tr><td>323</td><td>0.615435</td><td>0.165157</td><td>0.219408</td><td>0.560537</td></tr><tr><td>324</td><td>0.989167</td><td>0.0102279</td><td>0.000604673</td><td>2.33622</td></tr><tr><td>325</td><td>0.514232</td><td>0.0889888</td><td>0.39678</td><td>0.988111</td></tr><tr><td>326</td><td>0.187272</td><td>0.698126</td><td>0.114602</td><td>2.33622</td></tr><tr><td>327</td><td>0.921076</td><td>0.0735241</td><td>0.00540031</td><td>2.10135</td></tr><tr><td>328</td><td>0.95708</td><td>0.0288995</td><td>0.0140207</td><td>0.237176</td></tr><tr><td>329</td><td>0.805221</td><td>0.0456745</td><td>0.149104</td><td>0.822522</td></tr><tr><td>330</td><td>0.868684</td><td>0.0565439</td><td>0.0747723</td><td>2.10135</td></tr><tr><td>331</td><td>0.594592</td><td>0.401652</td><td>0.00375635</td><td>3.55554</td></tr><tr><td>332</td><td>0.821382</td><td>0.174417</td><td>0.00420125</td><td>0.888772</td></tr><tr><td>333</td><td>0.649602</td><td>0.30419</td><td>0.0462084</td><td>2.33622</td></tr><tr><td>334</td><td>0.285646</td><td>0.704902</td><td>0.00945149</td><td>0.914458</td></tr><tr><td>335</td><td>0.692498</td><td>0.302835</td><td>0.0046675</td><td>0.988111</td></tr><tr><td>336</td><td>0.975134</td><td>0.0244788</td><td>0.000387514</td><td>0.386773</td></tr><tr><td>337</td><td>0.949819</td><td>0.0138803</td><td>0.036301</td><td>2.33622</td></tr><tr><td>338</td><td>0.861892</td><td>0.118969</td><td>0.0191389</td><td>0.237176</td></tr><tr><td>339</td><td>0.717087</td><td>0.279599</td><td>0.00331424</td><td>0.263579</td></tr><tr><td>340</td><td>0.490638</td><td>0.0457569</td><td>0.463605</td><td>3.55554</td></tr><tr><td>341</td><td>0.873604</td><td>0.0719432</td><td>0.0544526</td><td>0.888772</td></tr><tr><td>342</td><td>0.874004</td><td>0.0945351</td><td>0.0314613</td><td>0.206985</td></tr><tr><td>343</td><td>0.132289</td><td>0.866678</td><td>0.00103299</td><td>0.888772</td></tr><tr><td>344</td><td>0.760958</td><td>0.236171</td><td>0.00287068</td><td>2.33622</td></tr><tr><td>345</td><td>0.0619142</td><td>0.937697</td><td>0.000388761</td><td>0.697998</td></tr><tr><td>346</td><td>0.820339</td><td>0.158463</td><td>0.0211985</td><td>0.263579</td></tr><tr><td>347</td><td>0.842343</td><td>0.12277</td><td>0.0348878</td><td>0.237176</td></tr><tr><td>348</td><td>0.884769</td><td>0.106474</td><td>0.00875675</td><td>0.560537</td></tr><tr><td>349</td><td>0.472157</td><td>0.0716804</td><td>0.456163</td><td>0.237176</td></tr><tr><td>350</td><td>0.657876</td><td>0.339774</td><td>0.00234986</td><td>0.888772</td></tr><tr><td>351</td><td>0.0821298</td><td>0.913091</td><td>0.00477885</td><td>0.347888</td></tr><tr><td>352</td><td>0.00258853</td><td>0.997409</td><td>2.03936e-06</td><td>0.237176</td></tr><tr><td>353</td><td>0.996034</td><td>0.0037073</td><td>0.000258549</td><td>0.560537</td></tr><tr><td>354</td><td>0.990445</td><td>0.00950914</td><td>4.6125e-05</td><td>2.33622</td></tr><tr><td>355</td><td>0.900164</td><td>0.0979908</td><td>0.00184544</td><td>0.206985</td></tr><tr><td>356</td><td>0.601815</td><td>0.382595</td><td>0.0155899</td><td>0.439536</td></tr><tr><td>357</td><td>0.753426</td><td>0.196013</td><td>0.0505607</td><td>0.988111</td></tr><tr><td>358</td><td>0.992638</td><td>0.00725119</td><td>0.000111217</td><td>0.263579</td></tr><tr><td>359</td><td>0.797754</td><td>0.16593</td><td>0.0363164</td><td>0.776014</td></tr><tr><td>360</td><td>0.629326</td><td>0.368745</td><td>0.00192896</td><td>0.237176</td></tr><tr><td>361</td><td>0.880531</td><td>0.118891</td><td>0.000578057</td><td>0.386773</td></tr><tr><td>362</td><td>0.00275579</td><td>0.997229</td><td>1.50778e-05</td><td>0.303752</td></tr><tr><td>363</td><td>0.785499</td><td>0.0132056</td><td>0.201296</td><td>0.888772</td></tr><tr><td>364</td><td>0.432944</td><td>0.566689</td><td>0.000367005</td><td>0.263579</td></tr><tr><td>365</td><td>0.448939</td><td>0.55065</td><td>0.00041113</td><td>0.263579</td></tr><tr><td>366</td><td>0.968622</td><td>0.0293833</td><td>0.0019952</td><td>2.33622</td></tr><tr><td>367</td><td>0.947192</td><td>0.0488324</td><td>0.00397518</td><td>2.10135</td></tr><tr><td>368</td><td>0.493386</td><td>0.481594</td><td>0.0250198</td><td>0.988111</td></tr><tr><td>369</td><td>0.868495</td><td>0.116835</td><td>0.0146696</td><td>2.33622</td></tr><tr><td>370</td><td>0.676458</td><td>0.296496</td><td>0.0270463</td><td>0.186214</td></tr><tr><td>371</td><td>0.165418</td><td>0.823239</td><td>0.011343</td><td>0.988111</td></tr><tr><td>372</td><td>0.229983</td><td>0.116883</td><td>0.653134</td><td>0.888772</td></tr><tr><td>373</td><td>0.91514</td><td>0.0682201</td><td>0.0166394</td><td>0.237176</td></tr><tr><td>374</td><td>0.80809</td><td>0.181535</td><td>0.0103746</td><td>0.237176</td></tr><tr><td>375</td><td>0.796827</td><td>0.203053</td><td>0.000120318</td><td>0.237176</td></tr><tr><td>376</td><td>0.513048</td><td>0.328223</td><td>0.158728</td><td>3.55554</td></tr><tr><td>377</td><td>0.600865</td><td>0.397579</td><td>0.0015556</td><td>0.988111</td></tr><tr><td>378</td><td>0.779086</td><td>0.205069</td><td>0.0158456</td><td>3.55554</td></tr><tr><td>379</td><td>0.948906</td><td>0.0400046</td><td>0.0110897</td><td>0.263579</td></tr><tr><td>380</td><td>0.867459</td><td>0.118673</td><td>0.013868</td><td>0.697998</td></tr><tr><td>381</td><td>0.646457</td><td>0.307623</td><td>0.0459196</td><td>0.888772</td></tr><tr><td>382</td><td>0.727487</td><td>0.0901661</td><td>0.182347</td><td>0.988111</td></tr><tr><td>383</td><td>0.349962</td><td>0.564759</td><td>0.0852792</td><td>0.386773</td></tr><tr><td>384</td><td>0.904993</td><td>0.0781592</td><td>0.016848</td><td>0.237176</td></tr><tr><td>385</td><td>0.81261</td><td>0.167545</td><td>0.0198444</td><td>0.560537</td></tr><tr><td>386</td><td>0.853437</td><td>0.125467</td><td>0.0210962</td><td>0.273214</td></tr><tr><td>387</td><td>0.59894</td><td>0.0556902</td><td>0.34537</td><td>0.623191</td></tr><tr><td>388</td><td>0.939426</td><td>0.0449907</td><td>0.0155838</td><td>5.46425</td></tr><tr><td>389</td><td>0.0116164</td><td>0.988181</