<!DOCTYPE HTML PUBLIC "-//W3C//DTD HTML 4.01 Transitional//EN">

<html>
<head>
<script src="http://transp-or.epfl.ch/biogeme/sorttable.js"></script>
<meta http-equiv='Content-Type' content='text/html; charset=utf-8' />
<title>simul_Model_4_decrease.html - Report from biogeme 2.6a [Sun Aug 26 15:54:37 BST 2018]</title>
<meta name="keywords" content="biogeme, discrete choice, random utility">
<meta name="description" content="Report from biogeme 2.6a [Sun Aug 26 15:54:37 BST 2018]">
<meta name="author" content="Michel Bierlaire">
<style type=text/css>
<!--table
.biostyle
	{font-size:10.0pt;
	font-weight:400;
	font-style:normal;
	font-family:Courier;}
.boundstyle
	{font-size:10.0pt;
	font-weight:400;
	font-style:normal;
	font-family:Courier;
        color:red}
-->
</style>
</head>

<body bgcolor="#ffffff">
<p>biogeme 2.6a [Sun Aug 26 15:54:37 BST 2018]</p>
<p>Home page: <a href='http://biogeme.epfl.ch' target='_blank'>http://biogeme.epfl.ch</a></p>
<p>Submit questions to <a href='https://groups.google.com/d/forum/biogeme' target='_blank'>https://groups.google.com/d/forum/biogeme</a></p>
<p><a href='http://people.epfl.ch/michel.bierlaire'>Michel Bierlaire</a>, <a href='http://transp-or.epfl.ch'>Transport and Mobility Laboratory</a>, <a href='http://www.epfl.ch'>Ecole Polytechnique F&eacute;d&eacute;rale de Lausanne (EPFL)</a></p>
<p>This file has automatically been generated on
Sun Dec 16 15:26:37 2018</p>
<p>If you drag this HTML file into the Calc application of <a href='http://www.openoffice.org/' target='_blank'>OpenOffice</a>, or the spreadsheet of <a href='https://www.libreoffice.org/' target='_blank'>LibreOffice</a>, you will be able to perform additional calculations.</p><table><tr class=biostyle><td align=right><strong>Report file</strong>:	</td><td>simul_Model_4_decrease.html</td></tr><tr class=biostyle><td align=right><strong>Sample file</strong>:	</td><td>__bin_optimaDataset_6.dat</td></tr></table><h1>Formulas</h1>
<table border="0">
<tr class=biostyle><td align=right><strong><em>Car utility:</em></strong>	</td><td><em>ASC_CAR * one + BETA_COST_SHARE_CAR * CostCarShare_norm + ( BETA_TIME_CAR * ( ( TimeCar ^ LAMBDA_TIME_CAR ) - ( 1 ) ) ) / LAMBDA_TIME_CAR + BETA_NbCar * NbCars + BETA_NbChild * NbChildren + BETA_LANGUAGE * FrenchRegion + BETA_WorkTrip * WORK</em></td></tr><tr class=biostyle><td align=right><strong><em>PT utility:</em></strong>	</td><td><em>BETA_COST_SHARE_PT * CostPTShare_norm_decrease + ( BETA_TIME_PT * ( ( TimePT ^ LAMBDA_TIME_PT ) - ( 1 ) ) ) / LAMBDA_TIME_PT + BETA_Urban * URBAN + BETA_Student * STUDENT</em></td></tr><tr class=biostyle><td align=right><strong><em>SM utility:</em></strong>	</td><td><em>ASC_SM * one + ( BETA_DIST * ( ( distance_km ^ LAMBDA_DIST ) - ( 1 ) ) ) / LAMBDA_DIST + BETA_Nbikes * NbBikes</em></td></tr></table>
<h1>Statistics</h1>
<table border="0">
<tr class=biostyle><td align=right><strong><em>Alt. 0 available:</em></strong>	</td><td><em>1550</em></td></tr><tr class=biostyle><td align=right><strong><em>Alt. 0 chosen:</em></strong>	</td><td><em>426</em></td></tr><tr class=biostyle><td align=right><strong><em>Alt. 1 available:</em></strong>	</td><td><em>1550</em></td></tr><tr class=biostyle><td align=right><strong><em>Alt. 1 chosen:</em></strong>	</td><td><em>1030</em></td></tr><tr class=biostyle><td align=right><strong><em>Alt. 2 available:</em></strong>	</td><td><em>1550</em></td></tr><tr class=biostyle><td align=right><strong><em>Alt. 2 chosen:</em></strong>	</td><td><em>94</em></td></tr><tr class=biostyle><td align=right><strong><em>Cte loglikelihood (only for full choice sets):</em></strong>	</td><td><em>-1234.62</em></td></tr><tr class=biostyle><td align=right><strong><em>Null loglikelihood:</em></strong>	</td><td><em>-1702.85</em></td></tr></table>
<h1>Simulation report</h1>

<p>Number of draws for Monte-Carlo: 1000</p>
<p>Type of draws: MLHS</p>
<h2>Aggregate values</h2><table border='1'>
<tr><th></th><th>01 Prob CAR</th><th>02 Prob PT</th><th>03 Prob SM</th><th>__weight</th></tr><tr><th>Total</th><td>1022.43</td><td>433.826</td><td>93.7488</td><td>1550</td></tr><tr><th>Weighted total</th><td>970.687</td><td>489.047</td><td>90.2659</td><td>3892.04</td></tr><tr><th>Average</th><td>0.659629</td><td>0.279888</td><td>0.0604831</td><td>1</td></tr><tr><th>Weighted average</th><td>0.62625</td><td>0.315514</td><td>0.0582361</td><td>2.51099</td></tr><tr><th>Non zeros</th><td>1550</td><td>1550</td><td>1550</td><td>1550</td></tr><tr><th>Non zeros average</th><td>0.659629</td><td>0.279888</td><td>0.0604831</td><td>1</td></tr><tr><th>Weighted non zeros average</th><td>0.62625</td><td>0.315514</td><td>0.0582361</td><td>2.51099</td></tr><tr><th>Minimum</th><td>9.77358e-05</td><td>0.00038805</td><td>2.09654e-07</td><td>0.186214</td></tr><tr><th>Maximum</th><td>0.997176</td><td>0.999902</td><td>0.935418</td><td>18.289</td></tr></table><h2>Detailed records</h2><table border='1'>
<tr><th>Row</th><th>01 Prob CAR</th><th>02 Prob PT</th><th>03 Prob SM</th><th>__weight</th></tr><tr><td>1</td><td>0.954255</td><td>0.0399553</td><td>0.00578959</td><td>0.914458</td></tr><tr><td>2</td><td>0.875808</td><td>0.115309</td><td>0.00888325</td><td>0.386773</td></tr><tr><td>3</td><td>0.68466</td><td>0.257793</td><td>0.0575464</td><td>2.10135</td></tr><tr><td>4</td><td>0.298928</td><td>0.678438</td><td>0.0226341</td><td>11.5361</td></tr><tr><td>5</td><td>0.611217</td><td>0.0802932</td><td>0.30849</td><td>0.888772</td></tr><tr><td>6</td><td>0.440642</td><td>0.552523</td><td>0.00683539</td><td>0.988111</td></tr><tr><td>7</td><td>0.949612</td><td>0.0436658</td><td>0.00672187</td><td>0.988111</td></tr><tr><td>8</td><td>0.591567</td><td>0.38478</td><td>0.0236531</td><td>0.822522</td></tr><tr><td>9</td><td>0.505619</td><td>0.0236409</td><td>0.47074</td><td>0.623191</td></tr><tr><td>10</td><td>0.538164</td><td>0.448698</td><td>0.0131373</td><td>0.776014</td></tr><tr><td>11</td><td>0.316504</td><td>0.670339</td><td>0.0131566</td><td>2.10135</td></tr><tr><td>12</td><td>0.712696</td><td>0.271172</td><td>0.0161318</td><td>0.303752</td></tr><tr><td>13</td><td>0.993649</td><td>0.00315327</td><td>0.0031975</td><td>0.776014</td></tr><tr><td>14</td><td>0.85376</td><td>0.136703</td><td>0.00953611</td><td>0.776014</td></tr><tr><td>15</td><td>0.0122788</td><td>0.987681</td><td>4.06974e-05</td><td>0.560537</td></tr><tr><td>16</td><td>0.738562</td><td>0.259124</td><td>0.0023147</td><td>0.237176</td></tr><tr><td>17</td><td>0.923276</td><td>0.0231509</td><td>0.0535731</td><td>0.888772</td></tr><tr><td>18</td><td>0.643956</td><td>0.112577</td><td>0.243467</td><td>0.988111</td></tr><tr><td>19</td><td>0.274271</td><td>0.725569</td><td>0.00016053</td><td>0.988111</td></tr><tr><td>20</td><td>0.439249</td><td>0.559975</td><td>0.00077638</td><td>0.988111</td></tr><tr><td>21</td><td>0.515519</td><td>0.451453</td><td>0.0330282</td><td>2.33622</td></tr><tr><td>22</td><td>0.569243</td><td>0.418181</td><td>0.0125755</td><td>0.776014</td></tr><tr><td>23</td><td>0.968519</td><td>0.0303257</td><td>0.0011549</td><td>2.10135</td></tr><tr><td>24</td><td>0.117707</td><td>0.882077</td><td>0.000216449</td><td>0.623191</td></tr><tr><td>25</td><td>0.646946</td><td>0.336212</td><td>0.0168421</td><td>0.888772</td></tr><tr><td>26</td><td>0.908812</td><td>0.0647044</td><td>0.0264835</td><td>3.55554</td></tr><tr><td>27</td><td>0.669205</td><td>0.317474</td><td>0.0133207</td><td>0.263579</td></tr><tr><td>28</td><td>0.887185</td><td>0.11238</td><td>0.000434666</td><td>0.988111</td></tr><tr><td>29</td><td>0.84344</td><td>0.0439187</td><td>0.112641</td><td>0.623191</td></tr><tr><td>30</td><td>0.022166</td><td>0.975355</td><td>0.00247911</td><td>9.34608</td></tr><tr><td>31</td><td>0.689063</td><td>0.303482</td><td>0.00745562</td><td>0.263579</td></tr><tr><td>32</td><td>0.579834</td><td>0.41298</td><td>0.00718643</td><td>2.33622</td></tr><tr><td>33</td><td>0.332957</td><td>0.0142764</td><td>0.652767</td><td>0.888772</td></tr><tr><td>34</td><td>0.969563</td><td>0.0160728</td><td>0.0143645</td><td>0.237176</td></tr><tr><td>35</td><td>0.750251</td><td>0.247363</td><td>0.00238516</td><td>0.206985</td></tr><tr><td>36</td><td>0.417254</td><td>0.582661</td><td>8.59248e-05</td><td>0.386773</td></tr><tr><td>37</td><td>0.453755</td><td>0.518704</td><td>0.0275409</td><td>0.888772</td></tr><tr><td>38</td><td>0.590128</td><td>0.408562</td><td>0.00131014</td><td>0.988111</td></tr><tr><td>39</td><td>0.989893</td><td>0.0094535</td><td>0.000653538</td><td>0.386773</td></tr><tr><td>40</td><td>0.457723</td><td>0.503281</td><td>0.0389965</td><td>2.10135</td></tr><tr><td>41</td><td>0.773831</td><td>0.203341</td><td>0.0228283</td><td>18.289</td></tr><tr><td>42</td><td>0.391928</td><td>0.561707</td><td>0.0463648</td><td>0.988111</td></tr><tr><td>43</td><td>0.906233</td><td>0.0460816</td><td>0.0476858</td><td>0.888772</td></tr><tr><td>44</td><td>0.49132</td><td>0.487496</td><td>0.0211846</td><td>0.888772</td></tr><tr><td>45</td><td>0.695382</td><td>0.172575</td><td>0.132043</td><td>0.988111</td></tr><tr><td>46</td><td>0.697849</td><td>0.298813</td><td>0.00333825</td><td>0.386773</td></tr><tr><td>47</td><td>0.654161</td><td>0.34043</td><td>0.0054094</td><td>2.33622</td></tr><tr><td>48</td><td>0.580056</td><td>0.355681</td><td>0.0642631</td><td>0.263579</td></tr><tr><td>49</td><td>0.772625</td><td>0.212121</td><td>0.0152539</td><td>2.10135</td></tr><tr><td>50</td><td>0.391891</td><td>0.486123</td><td>0.121986</td><td>0.888772</td></tr><tr><td>51</td><td>0.925038</td><td>0.0746637</td><td>0.000298411</td><td>0.263579</td></tr><tr><td>52</td><td>0.918221</td><td>0.0786468</td><td>0.00313204</td><td>0.237176</td></tr><tr><td>53</td><td>0.891722</td><td>0.107229</td><td>0.00104865</td><td>0.988111</td></tr><tr><td>54</td><td>0.705259</td><td>0.28771</td><td>0.00703156</td><td>0.386773</td></tr><tr><td>55</td><td>0.901192</td><td>0.0985265</td><td>0.000281838</td><td>0.776014</td></tr><tr><td>56</td><td>0.247861</td><td>0.129173</td><td>0.622967</td><td>0.560537</td></tr><tr><td>57</td><td>0.446483</td><td>0.00385686</td><td>0.54966</td><td>0.988111</td></tr><tr><td>58</td><td>0.617</td><td>0.367491</td><td>0.0155085</td><td>0.988111</td></tr><tr><td>59</td><td>0.215591</td><td>0.0695956</td><td>0.714814</td><td>0.386773</td></tr><tr><td>60</td><td>0.830757</td><td>0.157287</td><td>0.0119552</td><td>0.888772</td></tr><tr><td>61</td><td>0.775207</td><td>0.0902467</td><td>0.134546</td><td>0.347888</td></tr><tr><td>62</td><td>0.523806</td><td>0.442874</td><td>0.0333204</td><td>0.263579</td></tr><tr><td>63</td><td>0.904071</td><td>0.0711075</td><td>0.0248212</td><td>2.33622</td></tr><tr><td>64</td><td>0.490854</td><td>0.495918</td><td>0.013228</td><td>0.776014</td></tr><tr><td>65</td><td>0.0999743</td><td>0.899785</td><td>0.000240509</td><td>0.237176</td></tr><tr><td>66</td><td>0.0241467</td><td>0.973502</td><td>0.00235079</td><td>0.560537</td></tr><tr><td>67</td><td>0.710941</td><td>0.0356624</td><td>0.253396</td><td>0.237176</td></tr><tr><td>68</td><td>0.951685</td><td>0.0471367</td><td>0.00117783</td><td>0.237176</td></tr><tr><td>69</td><td>0.29045</td><td>0.0386385</td><td>0.670911</td><td>0.623191</td></tr><tr><td>70</td><td>0.370108</td><td>0.624426</td><td>0.00546575</td><td>0.623191</td></tr><tr><td>71</td><td>0.644161</td><td>0.319688</td><td>0.0361509</td><td>0.263579</td></tr><tr><td>72</td><td>0.307031</td><td>0.676062</td><td>0.0169074</td><td>1.83191</td></tr><tr><td>73</td><td>0.0181484</td><td>0.981801</td><td>5.04223e-05</td><td>5.30253</td></tr><tr><td>74</td><td>0.685066</td><td>0.23994</td><td>0.0749939</td><td>0.560537</td></tr><tr><td>75</td><td>0.298001</td><td>0.0844245</td><td>0.617574</td><td>0.206985</td></tr><tr><td>76</td><td>0.768146</td><td>0.220079</td><td>0.0117741</td><td>0.697998</td></tr><tr><td>77</td><td>0.600143</td><td>0.343118</td><td>0.0567395</td><td>2.10135</td></tr><tr><td>78</td><td>0.932682</td><td>0.0417603</td><td>0.0255572</td><td>0.888772</td></tr><tr><td>79</td><td>0.850351</td><td>0.117925</td><td>0.0317241</td><td>0.988111</td></tr><tr><td>80</td><td>0.766356</td><td>0.229716</td><td>0.00392826</td><td>0.263579</td></tr><tr><td>81</td><td>0.399178</td><td>0.150236</td><td>0.450586</td><td>0.263579</td></tr><tr><td>82</td><td>0.689711</td><td>0.252379</td><td>0.0579097</td><td>0.988111</td></tr><tr><td>83</td><td>0.97614</td><td>0.0173501</td><td>0.00651013</td><td>0.988111</td></tr><tr><td>84</td><td>0.984425</td><td>0.014965</td><td>0.000609815</td><td>0.888772</td></tr><tr><td>85</td><td>0.809278</td><td>0.161676</td><td>0.0290453</td><td>2.10135</td></tr><tr><td>86</td><td>0.97636</td><td>0.0185017</td><td>0.005138</td><td>2.33622</td></tr><tr><td>87</td><td>0.0288567</td><td>0.967831</td><td>0.00331183</td><td>2.10135</td></tr><tr><td>88</td><td>0.776564</td><td>0.208918</td><td>0.0145185</td><td>0.263579</td></tr><tr><td>89</td><td>0.449373</td><td>0.546402</td><td>0.00422467</td><td>2.10135</td></tr><tr><td>90</td><td>0.285234</td><td>0.70645</td><td>0.00831591</td><td>0.237176</td></tr><tr><td>91</td><td>0.974867</td><td>0.023057</td><td>0.00207588</td><td>0.560537</td></tr><tr><td>92</td><td>0.916567</td><td>0.0738488</td><td>0.0095844</td><td>1.32546</td></tr><tr><td>93</td><td>0.774907</td><td>0.223284</td><td>0.00180839</td><td>0.263579</td></tr><tr><td>94</td><td>0.456807</td><td>0.5263</td><td>0.0168926</td><td>0.888772</td></tr><tr><td>95</td><td>0.978212</td><td>0.020574</td><td>0.00121361</td><td>0.888772</td></tr><tr><td>96</td><td>0.843927</td><td>0.140926</td><td>0.015147</td><td>0.988111</td></tr><tr><td>97</td><td>0.862272</td><td>0.131543</td><td>0.00618501</td><td>0.623191</td></tr><tr><td>98</td><td>0.910491</td><td>0.0631218</td><td>0.0263869</td><td>0.888772</td></tr><tr><td>99</td><td>0.765348</td><td>0.17614</td><td>0.0585117</td><td>0.988111</td></tr><tr><td>100</td><td>0.316447</td><td>0.678703</td><td>0.00484958</td><td>0.888772</td></tr><tr><td>101</td><td>0.684957</td><td>0.302003</td><td>0.0130407</td><td>0.888772</td></tr><tr><td>102</td><td>0.840049</td><td>0.145409</td><td>0.0145419</td><td>3.55554</td></tr><tr><td>103</td><td>0.456401</td><td>0.541488</td><td>0.00211154</td><td>0.988111</td></tr><tr><td>104</td><td>0.796721</td><td>0.198982</td><td>0.00429647</td><td>0.888772</td></tr><tr><td>105</td><td>0.92923</td><td>0.0584313</td><td>0.0123389</td><td>0.988111</td></tr><tr><td>106</td><td>0.448138</td><td>0.41803</td><td>0.133832</td><td>0.263579</td></tr><tr><td>107</td><td>0.475897</td><td>0.466098</td><td>0.0580053</td><td>2.10135</td></tr><tr><td>108</td><td>0.856992</td><td>0.135323</td><td>0.00768521</td><td>2.10135</td></tr><tr><td>109</td><td>0.747873</td><td>0.203059</td><td>0.049068</td><td>0.386773</td></tr><tr><td>110</td><td>0.389981</td><td>0.606474</td><td>0.00354438</td><td>0.697998</td></tr><tr><td>111</td><td>0.79414</td><td>0.180449</td><td>0.025411</td><td>0.206985</td></tr><tr><td>112</td><td>0.949904</td><td>0.0412931</td><td>0.0088034</td><td>0.888772</td></tr><tr><td>113</td><td>0.958499</td><td>0.00918902</td><td>0.0323122</td><td>2.10135</td></tr><tr><td>114</td><td>0.0547502</td><td>0.945197</td><td>5.29209e-05</td><td>0.776014</td></tr><tr><td>115</td><td>0.618502</td><td>0.359374</td><td>0.0221242</td><td>0.888772</td></tr><tr><td>116</td><td>0.94923</td><td>0.0485637</td><td>0.0022064</td><td>0.303752</td></tr><tr><td>117</td><td>0.44304</td><td>0.542349</td><td>0.0146118</td><td>2.10135</td></tr><tr><td>118</td><td>0.52511</td><td>0.40269</td><td>0.0722</td><td>0.697998</td></tr><tr><td>119</td><td>0.992629</td><td>0.00637007</td><td>0.00100143</td><td>0.237176</td></tr><tr><td>120</td><td>0.400031</td><td>0.228131</td><td>0.371838</td><td>0.386773</td></tr><tr><td>121</td><td>0.480669</td><td>0.50029</td><td>0.0190414</td><td>0.263579</td></tr><tr><td>122</td><td>0.311969</td><td>0.0948579</td><td>0.593173</td><td>0.186214</td></tr><tr><td>123</td><td>0.228378</td><td>0.771089</td><td>0.000533026</td><td>0.353568</td></tr><tr><td>124</td><td>0.272161</td><td>0.710235</td><td>0.0176046</td><td>0.237176</td></tr><tr><td>125</td><td>0.446311</td><td>0.243655</td><td>0.310034</td><td>0.237176</td></tr><tr><td>126</td><td>0.680197</td><td>0.31542</td><td>0.00438242</td><td>0.988111</td></tr><tr><td>127</td><td>0.780733</td><td>0.218131</td><td>0.00113604</td><td>0.623191</td></tr><tr><td>128</td><td>0.0343384</td><td>0.956817</td><td>0.00884444</td><td>0.623191</td></tr><tr><td>129</td><td>0.955238</td><td>0.031023</td><td>0.0137389</td><td>0.237176</td></tr><tr><td>130</td><td>0.972987</td><td>0.0113085</td><td>0.0157043</td><td>0.888772</td></tr><tr><td>131</td><td>0.920833</td><td>0.078556</td><td>0.000610748</td><td>0.386773</td></tr><tr><td>132</td><td>0.958797</td><td>0.00558794</td><td>0.0356147</td><td>0.822522</td></tr><tr><td>133</td><td>0.52473</td><td>0.0408157</td><td>0.434454</td><td>0.988111</td></tr><tr><td>134</td><td>0.459701</td><td>0.534627</td><td>0.00567164</td><td>0.888772</td></tr><tr><td>135</td><td>0.802304</td><td>0.194673</td><td>0.00302319</td><td>0.488662</td></tr><tr><td>136</td><td>0.737479</td><td>0.248465</td><td>0.0140558</td><td>0.822522</td></tr><tr><td>137</td><td>0.815945</td><td>0.176494</td><td>0.00756071</td><td>0.347888</td></tr><tr><td>138</td><td>0.835133</td><td>0.14867</td><td>0.0161966</td><td>0.263579</td></tr><tr><td>139</td><td>0.991127</td><td>0.00802471</td><td>0.000847963</td><td>0.888772</td></tr><tr><td>140</td><td>0.557043</td><td>0.0699551</td><td>0.373002</td><td>3.10446</td></tr><tr><td>141</td><td>0.891618</td><td>0.105151</td><td>0.00323092</td><td>0.888772</td></tr><tr><td>142</td><td>0.307969</td><td>0.690165</td><td>0.00186574</td><td>0.237176</td></tr><tr><td>143</td><td>0.403379</td><td>0.501933</td><td>0.0946882</td><td>0.263579</td></tr><tr><td>144</td><td>0.843995</td><td>0.153212</td><td>0.00279301</td><td>0.237176</td></tr><tr><td>145</td><td>0.879349</td><td>0.0899792</td><td>0.0306713</td><td>0.888772</td></tr><tr><td>146</td><td>0.928437</td><td>0.0691806</td><td>0.0023823</td><td>2.33622</td></tr><tr><td>147</td><td>0.251008</td><td>0.0722532</td><td>0.676739</td><td>0.988111</td></tr><tr><td>148</td><td>0.125741</td><td>0.872071</td><td>0.00218864</td><td>0.888772</td></tr><tr><td>149</td><td>0.909888</td><td>0.032052</td><td>0.0580602</td><td>0.888772</td></tr><tr><td>150</td><td>0.919127</td><td>0.0662865</td><td>0.0145862</td><td>0.263579</td></tr><tr><td>151</td><td>0.669372</td><td>0.301975</td><td>0.0286534</td><td>3.95295</td></tr><tr><td>152</td><td>0.859019</td><td>0.139097</td><td>0.00188381</td><td>0.347888</td></tr><tr><td>153</td><td>0.462154</td><td>0.513331</td><td>0.0245156</td><td>0.186214</td></tr><tr><td>154</td><td>0.639757</td><td>0.344448</td><td>0.0157948</td><td>0.303752</td></tr><tr><td>155</td><td>0.718749</td><td>0.264622</td><td>0.0166296</td><td>0.237176</td></tr><tr><td>156</td><td>0.906342</td><td>0.092124</td><td>0.00153379</td><td>2.10135</td></tr><tr><td>157</td><td>0.581672</td><td>0.370539</td><td>0.047789</td><td>0.206985</td></tr><tr><td>158</td><td>0.316969</td><td>0.675229</td><td>0.00780197</td><td>0.263579</td></tr><tr><td>159</td><td>0.578118</td><td>0.414747</td><td>0.0071356</td><td>0.347888</td></tr><tr><td>160</td><td>0.412548</td><td>0.578555</td><td>0.00889616</td><td>2.10135</td></tr><tr><td>161</td><td>0.756441</td><td>0.235892</td><td>0.00766783</td><td>0.206985</td></tr><tr><td>162</td><td>0.986808</td><td>0.0124635</td><td>0.000728532</td><td>0.776014</td></tr><tr><td>163</td><td>0.164007</td><td>0.835628</td><td>0.000364736</td><td>0.623191</td></tr><tr><td>164</td><td>0.245018</td><td>0.658793</td><td>0.0961889</td><td>0.237176</td></tr><tr><td>165</td><td>0.930601</td><td>0.0541213</td><td>0.0152777</td><td>0.888772</td></tr><tr><td>166</td><td>0.363684</td><td>0.523288</td><td>0.113028</td><td>0.263579</td></tr><tr><td>167</td><td>0.650873</td><td>0.202025</td><td>0.147102</td><td>0.303752</td></tr><tr><td>168</td><td>0.760124</td><td>0.0895444</td><td>0.150332</td><td>0.988111</td></tr><tr><td>169</td><td>0.980412</td><td>0.0170341</td><td>0.0025542</td><td>0.888772</td></tr><tr><td>170</td><td>0.924416</td><td>0.0632537</td><td>0.0123308</td><td>0.888772</td></tr><tr><td>171</td><td>0.653949</td><td>0.344241</td><td>0.00180935</td><td>0.888772</td></tr><tr><td>172</td><td>0.949356</td><td>0.0437391</td><td>0.00690464</td><td>0.888772</td></tr><tr><td>173</td><td>0.833461</td><td>0.15369</td><td>0.0128489</td><td>1.83191</td></tr><tr><td>174</td><td>0.980883</td><td>0.0180081</td><td>0.00110864</td><td>0.988111</td></tr><tr><td>175</td><td>0.776574</td><td>0.148639</td><td>0.0747867</td><td>0.386773</td></tr><tr><td>176</td><td>0.691501</td><td>0.286145</td><td>0.0223543</td><td>0.776014</td></tr><tr><td>177</td><td>0.693398</td><td>0.283975</td><td>0.022627</td><td>0.237176</td></tr><tr><td>178</td><td>0.242254</td><td>0.755632</td><td>0.00211414</td><td>0.822522</td></tr><tr><td>179</td><td>0.368463</td><td>0.357961</td><td>0.273576</td><td>0.237176</td></tr><tr><td>180</td><td>0.257204</td><td>0.740955</td><td>0.00184082</td><td>0.888772</td></tr><tr><td>181</td><td>0.37827</td><td>0.107479</td><td>0.514251</td><td>0.206985</td></tr><tr><td>182</td><td>0.995757</td><td>0.00405229</td><td>0.000190851</td><td>0.386773</td></tr><tr><td>183</td><td>0.316152</td><td>0.587943</td><td>0.0959045</td><td>0.386773</td></tr><tr><td>184</td><td>0.478096</td><td>0.515928</td><td>0.00597611</td><td>0.888772</td></tr><tr><td>185</td><td>0.963113</td><td>0.0363223</td><td>0.000565045</td><td>0.888772</td></tr><tr><td>186</td><td>0.333821</td><td>0.657082</td><td>0.00909717</td><td>0.697998</td></tr><tr><td>187</td><td>0.0237105</td><td>0.976241</td><td>4.86633e-05</td><td>0.776014</td></tr><tr><td>188</td><td>0.63243</td><td>0.364493</td><td>0.00307729</td><td>0.988111</td></tr><tr><td>189</td><td>0.42482</td><td>0.371199</td><td>0.203981</td><td>0.263579</td></tr><tr><td>190</td><td>0.362091</td><td>0.0615524</td><td>0.576357</td><td>0.206985</td></tr><tr><td>191</td><td>0.789699</td><td>0.193803</td><td>0.0164985</td><td>0.776014</td></tr><tr><td>192</td><td>0.488662</td><td>0.504953</td><td>0.00638556</td><td>0.386773</td></tr><tr><td>193</td><td>0.335609</td><td>0.640872</td><td>0.0235193</td><td>0.263579</td></tr><tr><td>194</td><td>0.451865</td><td>0.543758</td><td>0.00437664</td><td>2.10135</td></tr><tr><td>195</td><td>0.56047</td><td>0.432615</td><td>0.00691556</td><td>0.237176</td></tr><tr><td>196</td><td>0.860203</td><td>0.132807</td><td>0.0069899</td><td>0.988111</td></tr><tr><td>197</td><td>0.979212</td><td>0.0169807</td><td>0.00380724</td><td>0.560537</td></tr><tr><td>198</td><td>0.436403</td><td>0.488988</td><td>0.0746093</td><td>2.10135</td></tr><tr><td>199</td><td>0.509405</td><td>0.402596</td><td>0.0879995</td><td>0.237176</td></tr><tr><td>200</td><td>0.701323</td><td>0.286327</td><td>0.0123497</td><td>0.988111</td></tr><tr><td>201</td><td>0.129044</td><td>0.869005</td><td>0.0019513</td><td>5.89521</td></tr><tr><td>202</td><td>0.820298</td><td>0.169161</td><td>0.0105413</td><td>0.263579</td></tr><tr><td>203</td><td>0.684162</td><td>0.121702</td><td>0.194136</td><td>0.623191</td></tr><tr><td>204</td><td>0.401805</td><td>0.478556</td><td>0.119639</td><td>0.697998</td></tr><tr><td>205</td><td>0.567019</td><td>0.00197667</td><td>0.431005</td><td>0.988111</td></tr><tr><td>206</td><td>0.930918</td><td>0.0631649</td><td>0.00591739</td><td>0.263579</td></tr><tr><td>207</td><td>0.419179</td><td>0.577167</td><td>0.00365421</td><td>0.263579</td></tr><tr><td>208</td><td>0.97477</td><td>0.0247779</td><td>0.000452491</td><td>0.386773</td></tr><tr><td>209</td><td>0.406599</td><td>0.592319</td><td>0.00108215</td><td>2.33622</td></tr><tr><td>210</td><td>0.387339</td><td>0.612591</td><td>7.03793e-05</td><td>0.263579</td></tr><tr><td>211</td><td>0.808607</td><td>0.19135</td><td>4.2986e-05</td><td>0.386773</td></tr><tr><td>212</td><td>0.826571</td><td>0.167444</td><td>0.00598499</td><td>0.560537</td></tr><tr><td>213</td><td>0.927062</td><td>0.069645</td><td>0.00329309</td><td>0.988111</td></tr><tr><td>214</td><td>0.941617</td><td>0.0524324</td><td>0.00595054</td><td>0.237176</td></tr><tr><td>215</td><td>0.688332</td><td>0.303381</td><td>0.0082869</td><td>0.988111</td></tr><tr><td>216</td><td>0.968768</td><td>0.00989991</td><td>0.0213319</td><td>0.888772</td></tr><tr><td>217</td><td>0.523718</td><td>0.435646</td><td>0.0406356</td><td>0.888772</td></tr><tr><td>218</td><td>0.104879</td><td>0.888707</td><td>0.00641454</td><td>5.30253</td></tr><tr><td>219</td><td>0.775839</td><td>0.165124</td><td>0.0590369</td><td>0.386773</td></tr><tr><td>220</td><td>0.375288</td><td>0.623126</td><td>0.00158574</td><td>0.888772</td></tr><tr><td>221</td><td>0.730206</td><td>0.239659</td><td>0.0301355</td><td>0.206985</td></tr><tr><td>222</td><td>0.963661</td><td>0.0249801</td><td>0.0113588</td><td>0.822522</td></tr><tr><td>223</td><td>0.402993</td><td>0.592511</td><td>0.00449552</td><td>0.888772</td></tr><tr><td>224</td><td>0.722917</td><td>0.202871</td><td>0.0742117</td><td>3.95295</td></tr><tr><td>225</td><td>0.697186</td><td>0.21775</td><td>0.0850643</td><td>0.237176</td></tr><tr><td>226</td><td>0.225261</td><td>0.729542</td><td>0.0451975</td><td>0.347888</td></tr><tr><td>227</td><td>0.634933</td><td>0.321825</td><td>0.0432425</td><td>0.776014</td></tr><tr><td>228</td><td>0.46856</td><td>0.287463</td><td>0.243976</td><td>0.237176</td></tr><tr><td>229</td><td>0.15617</td><td>0.843768</td><td>6.18778e-05</td><td>0.988111</td></tr><tr><td>230</td><td>0.20359</td><td>0.796017</td><td>0.000393247</td><td>0.623191</td></tr><tr><td>231</td><td>0.9446</td><td>0.0552668</td><td>0.000133249</td><td>0.988111</td></tr><tr><td>232</td><td>0.95698</td><td>0.0372694</td><td>0.00575022</td><td>0.186214</td></tr><tr><td>233</td><td>0.977653</td><td>0.0203786</td><td>0.00196859</td><td>0.560537</td></tr><tr><td>234</td><td>0.765348</td><td>0.17614</td><td>0.0585117</td><td>0.988111</td></tr><tr><td>235</td><td>0.481767</td><td>0.0756669</td><td>0.442566</td><td>0.263579</td></tr><tr><td>236</td><td>0.454111</td><td>0.521089</td><td>0.0248</td><td>2.10135</td></tr><tr><td>237</td><td>0.211199</td><td>0.265015</td><td>0.523785</td><td>0.988111</td></tr><tr><td>238</td><td>0.252125</td><td>0.74528</td><td>0.0025954</td><td>0.776014</td></tr><tr><td>239</td><td>0.788357</td><td>0.197869</td><td>0.0137736</td><td>0.888772</td></tr><tr><td>240</td><td>0.975321</td><td>0.022233</td><td>0.00244586</td><td>0.697998</td></tr><tr><td>241</td><td>0.844273</td><td>0.138343</td><td>0.0173842</td><td>0.206985</td></tr><tr><td>242</td><td>0.931488</td><td>0.059643</td><td>0.00886941</td><td>0.988111</td></tr><tr><td>243</td><td>0.474053</td><td>0.497795</td><td>0.0281514</td><td>0.303752</td></tr><tr><td>244</td><td>0.774752</td><td>0.208239</td><td>0.0170091</td><td>0.560537</td></tr><tr><td>245</td><td>0.833922</td><td>0.165854</td><td>0.000223927</td><td>0.263579</td></tr><tr><td>246</td><td>0.957715</td><td>0.0184539</td><td>0.0238308</td><td>0.263579</td></tr><tr><td>247</td><td>0.237472</td><td>0.761476</td><td>0.00105167</td><td>0.386773</td></tr><tr><td>248</td><td>0.904896</td><td>0.087974</td><td>0.00712988</td><td>0.776014</td></tr><tr><td>249</td><td>0.387679</td><td>0.00123533</td><td>0.611085</td><td>2.10135</td></tr><tr><td>250</td><td>0.944477</td><td>0.052149</td><td>0.00337356</td><td>0.888772</td></tr><tr><td>251</td><td>0.990633</td><td>0.00816095</td><td>0.00120593</td><td>0.347888</td></tr><tr><td>252</td><td>0.352956</td><td>0.63412</td><td>0.0129242</td><td>0.822522</td></tr><tr><td>253</td><td>0.422207</td><td>0.457451</td><td>0.120342</td><td>3.55554</td></tr><tr><td>254</td><td>0.964514</td><td>0.0353057</td><td>0.000179828</td><td>0.623191</td></tr><tr><td>255</td><td>0.000372219</td><td>0.999604</td><td>2.37629e-05</td><td>2.33622</td></tr><tr><td>256</td><td>0.854388</td><td>0.114732</td><td>0.0308799</td><td>0.206985</td></tr><tr><td>257</td><td>0.333046</td><td>0.659504</td><td>0.0074496</td><td>0.988111</td></tr><tr><td>258</td><td>0.136657</td><td>0.862147</td><td>0.0011956</td><td>5.30253</td></tr><tr><td>259</td><td>0.535811</td><td>0.454035</td><td>0.0101539</td><td>0.988111</td></tr><tr><td>260</td><td>0.775367</td><td>0.147399</td><td>0.0772347</td><td>2.33622</td></tr><tr><td>261</td><td>0.402321</td><td>0.594274</td><td>0.00340545</td><td>0.347888</td></tr><tr><td>262</td><td>0.617158</td><td>0.101632</td><td>0.28121</td><td>3.10446</td></tr><tr><td>263</td><td>0.982991</td><td>0.0168954</td><td>0.000113788</td><td>0.988111</td></tr><tr><td>264</td><td>0.713763</td><td>0.0833402</td><td>0.202897</td><td>0.386773</td></tr><tr><td>265</td><td>0.593356</td><td>0.389245</td><td>0.0173985</td><td>0.206985</td></tr><tr><td>266</td><td>0.250305</td><td>0.748627</td><td>0.00106758</td><td>0.263579</td></tr><tr><td>267</td><td>0.585803</td><td>0.39297</td><td>0.0212274</td><td>0.888772</td></tr><tr><td>268</td><td>0.952356</td><td>0.0316738</td><td>0.0159703</td><td>0.560537</td></tr><tr><td>269</td><td>0.806328</td><td>0.170745</td><td>0.0229269</td><td>0.263579</td></tr><tr><td>270</td><td>0.70679</td><td>0.267626</td><td>0.0255836</td><td>0.263579</td></tr><tr><td>271</td><td>0.728844</td><td>0.146549</td><td>0.124607</td><td>0.623191</td></tr><tr><td>272</td><td>0.600611</td><td>0.382861</td><td>0.0165279</td><td>0.888772</td></tr><tr><td>273</td><td>0.739823</td><td>0.25417</td><td>0.00600671</td><td>0.263579</td></tr><tr><td>274</td><td>0.17342</td><td>0.8176</td><td>0.00898039</td><td>0.988111</td></tr><tr><td>275</td><td>0.200301</td><td>0.0843243</td><td>0.715375</td><td>0.237176</td></tr><tr><td>276</td><td>0.567765</td><td>0.409421</td><td>0.022814</td><td>0.988111</td></tr><tr><td>277</td><td>0.965437</td><td>0.0337795</td><td>0.000783257</td><td>0.386773</td></tr><tr><td>278</td><td>0.789686</td><td>0.206452</td><td>0.00386177</td><td>0.988111</td></tr><tr><td>279</td><td>0.618257</td><td>0.376924</td><td>0.00481852</td><td>0.560537</td></tr><tr><td>280</td><td>0.961177</td><td>0.0373003</td><td>0.00152265</td><td>2.10135</td></tr><tr><td>281</td><td>0.715386</td><td>0.213927</td><td>0.0706872</td><td>0.888772</td></tr><tr><td>282</td><td>0.519379</td><td>0.304806</td><td>0.175815</td><td>0.888772</td></tr><tr><td>283</td><td>0.407374</td><td>0.314074</td><td>0.278552</td><td>0.988111</td></tr><tr><td>284</td><td>0.223806</td><td>0.763305</td><td>0.0128889</td><td>0.697998</td></tr><tr><td>285</td><td>0.983946</td><td>0.0159092</td><td>0.000144536</td><td>0.560537</td></tr><tr><td>286</td><td>0.142773</td><td>0.853585</td><td>0.00364238</td><td>0.560537</td></tr><tr><td>287</td><td>0.574043</td><td>0.0517161</td><td>0.374241</td><td>0.623191</td></tr><tr><td>288</td><td>0.685326</td><td>0.288178</td><td>0.0264966</td><td>0.237176</td></tr><tr><td>289</td><td>0.359637</td><td>0.201034</td><td>0.439328</td><td>0.988111</td></tr><tr><td>290</td><td>0.868196</td><td>0.126353</td><td>0.00545138</td><td>0.237176</td></tr><tr><td>291</td><td>0.817752</td><td>0.163244</td><td>0.019004</td><td>0.776014</td></tr><tr><td>292</td><td>0.894191</td><td>0.0710372</td><td>0.0347722</td><td>0.988111</td></tr><tr><td>293</td><td>0.983537</td><td>0.000465051</td><td>0.0159978</td><td>0.560537</td></tr><tr><td>294</td><td>0.898954</td><td>0.0995316</td><td>0.0015144</td><td>0.560537</td></tr><tr><td>295</td><td>0.920184</td><td>0.0774975</td><td>0.00231875</td><td>0.888772</td></tr><tr><td>296</td><td>0.973502</td><td>0.0219567</td><td>0.0045416</td><td>0.263579</td></tr><tr><td>297</td><td>0.758549</td><td>0.235714</td><td>0.00573717</td><td>0.697998</td></tr><tr><td>298</td><td>0.2422</td><td>0.756898</td><td>0.000901846</td><td>0.386773</td></tr><tr><td>299</td><td>0.186015</td><td>0.812003</td><td>0.00198198</td><td>0.988111</td></tr><tr><td>300</td><td>0.616096</td><td>0.0590653</td><td>0.324839</td><td>0.888772</td></tr><tr><td>301</td><td>0.904076</td><td>0.0153007</td><td>0.0806238</td><td>0.263579</td></tr><tr><td>302</td><td>0.302367</td><td>0.0562329</td><td>0.6414</td><td>0.263579</td></tr><tr><td>303</td><td>0.409474</td><td>0.589694</td><td>0.000831775</td><td>5.30253</td></tr><tr><td>304</td><td>0.92158</td><td>0.0591333</td><td>0.0192863</td><td>0.888772</td></tr><tr><td>305</td><td>0.670772</td><td>0.100969</td><td>0.228259</td><td>3.55554</td></tr><tr><td>306</td><td>0.74527</td><td>0.254361</td><td>0.000368925</td><td>2.33622</td></tr><tr><td>307</td><td>0.75775</td><td>0.232335</td><td>0.00991491</td><td>0.988111</td></tr><tr><td>308</td><td>0.576592</td><td>0.423229</td><td>0.000179801</td><td>0.303752</td></tr><tr><td>309</td><td>0.604547</td><td>0.349366</td><td>0.0460874</td><td>0.303752</td></tr><tr><td>310</td><td>0.524196</td><td>0.133154</td><td>0.342651</td><td>0.888772</td></tr><tr><td>311</td><td>0.429484</td><td>0.568131</td><td>0.00238568</td><td>0.697998</td></tr><tr><td>312</td><td>0.976703</td><td>0.00971892</td><td>0.013578</td><td>0.776014</td></tr><tr><td>313</td><td>0.33307</td><td>0.640888</td><td>0.026042</td><td>2.10135</td></tr><tr><td>314</td><td>0.818473</td><td>0.0671075</td><td>0.11442</td><td>0.697998</td></tr><tr><td>315</td><td>0.772167</td><td>0.179695</td><td>0.048138</td><td>0.303752</td></tr><tr><td>316</td><td>0.839814</td><td>0.144895</td><td>0.0152917</td><td>0.560537</td></tr><tr><td>317</td><td>0.00206555</td><td>0.997864</td><td>7.02825e-05</td><td>2.10135</td></tr><tr><td>318</td><td>0.827</td><td>0.0608044</td><td>0.112196</td><td>0.386773</td></tr><tr><td>319</td><td>0.848856</td><td>0.150376</td><td>0.000767685</td><td>0.263579</td></tr><tr><td>320</td><td>0.849</td><td>0.0150173</td><td>0.135983</td><td>0.237176</td></tr><tr><td>321</td><td>0.956862</td><td>0.00823131</td><td>0.0349063</td><td>2.33622</td></tr><tr><td>322</td><td>0.45232</td><td>0.545409</td><td>0.00227182</td><td>0.347888</td></tr><tr><td>323</td><td>0.615173</td><td>0.166076</td><td>0.21875</td><td>0.560537</td></tr><tr><td>324</td><td>0.988329</td><td>0.0111055</td><td>0.000565493</td><td>2.33622</td></tr><tr><td>325</td><td>0.514381</td><td>0.0889615</td><td>0.396658</td><td>0.988111</td></tr><tr><td>326</td><td>0.188344</td><td>0.697205</td><td>0.114451</td><td>2.33622</td></tr><tr><td>327</td><td>0.918889</td><td>0.0758423</td><td>0.00526907</td><td>2.10135</td></tr><tr><td>328</td><td>0.951224</td><td>0.0352572</td><td>0.013519</td><td>0.237176</td></tr><tr><td>329</td><td>0.804759</td><td>0.0466055</td><td>0.148635</td><td>0.822522</td></tr><tr><td>330</td><td>0.868235</td><td>0.0584201</td><td>0.0733444</td><td>2.10135</td></tr><tr><td>331</td><td>0.595384</td><td>0.401102</td><td>0.003514</td><td>3.55554</td></tr><tr><td>332</td><td>0.820393</td><td>0.175527</td><td>0.00407991</td><td>0.888772</td></tr><tr><td>333</td><td>0.647017</td><td>0.307738</td><td>0.0452452</td><td>2.33622</td></tr><tr><td>334</td><td>0.286517</td><td>0.704199</td><td>0.0092835</td><td>0.914458</td></tr><tr><td>335</td><td>0.696888</td><td>0.29872</td><td>0.00439248</td><td>0.988111</td></tr><tr><td>336</td><td>0.973028</td><td>0.0266161</td><td>0.000356198</td><td>0.386773</td></tr><tr><td>337</td><td>0.949507</td><td>0.0144108</td><td>0.0360823</td><td>2.33622</td></tr><tr><td>338</td><td>0.861655</td><td>0.119363</td><td>0.0189828</td><td>0.237176</td></tr><tr><td>339</td><td>0.713458</td><td>0.283324</td><td>0.00321778</td><td>0.263579</td></tr><tr><td>340</td><td>0.490649</td><td>0.0466708</td><td>0.46268</td><td>3.55554</td></tr><tr><td>341</td><td>0.872569</td><td>0.0732872</td><td>0.0541439</td><td>0.888772</td></tr><tr><td>342</td><td>0.87402</td><td>0.0947225</td><td>0.0312579</td><td>0.206985</td></tr><tr><td>343</td><td>0.1383</td><td>0.860715</td><td>0.000985376</td><td>0.888772</td></tr><tr><td>344</td><td>0.766752</td><td>0.230501</td><td>0.00274675</td><td>2.33622</td></tr><tr><td>345</td><td>0.0641904</td><td>0.93545</td><td>0.000360071</td><td>0.697998</td></tr><tr><td>346</td><td>0.82221</td><td>0.157206</td><td>0.0205836</td><td>0.263579</td></tr><tr><td>347</td><td>0.843981</td><td>0.121494</td><td>0.0345252</td><td>0.237176</td></tr><tr><td>348</td><td>0.882483</td><td>0.108964</td><td>0.00855373</td><td>0.560537</td></tr><tr><td>349</td><td>0.472593</td><td>0.0720339</td><td>0.455373</td><td>0.237176</td></tr><tr><td>350</td><td>0.666161</td><td>0.331546</td><td>0.00229295</td><td>0.888772</td></tr><tr><td>351</td><td>0.0861366</td><td>0.909105</td><td>0.00475799</td><td>0.347888</td></tr><tr><td>352</td><td>0.00373856</td><td>0.996259</td><td>2.03701e-06</td><td>0.237176</td></tr><tr><td>353</td><td>0.996115</td><td>0.00364549</td><td>0.000239983</td><td>0.560537</td></tr><tr><td>354</td><td>0.990429</td><td>0.00952726</td><td>4.39794e-05</td><td>2.33622</td></tr><tr><td>355</td><td>0.88747</td><td>0.110968</td><td>0.00156267</td><td>0.206985</td></tr><tr><td>356</td><td>0.602386</td><td>0.382266</td><td>0.015348</td><td>0.439536</td></tr><tr><td>357</td><td>0.753137</td><td>0.196704</td><td>0.0501591</td><td>0.988111</td></tr><tr><td>358</td><td>0.992047</td><td>0.00784842</td><td>0.00010432</td><td>0.263579</td></tr><tr><td>359</td><td>0.797316</td><td>0.166645</td><td>0.0360388</td><td>0.776014</td></tr><tr><td>360</td><td>0.627692</td><td>0.370495</td><td>0.0018126</td><td>0.237176</td></tr><tr><td>361</td><td>0.881915</td><td>0.117545</td><td>0.000539766</td><td>0.386773</td></tr><tr><td>362</td><td>0.00458136</td><td>0.995404</td><td>1.50502e-05</td><td>0.303752</td></tr><tr><td>363</td><td>0.785694</td><td>0.0133388</td><td>0.200967</td><td>0.888772</td></tr><tr><td>364</td><td>0.440998</td><td>0.55868</td><td>0.000321768</td><td>0.263579</td></tr><tr><td>365</td><td>0.464151</td><td>0.535504</td><td>0.000344501</td><td>0.263579</td></tr><tr><td>366</td><td>0.968603</td><td>0.0294356</td><td>0.00196179</td><td>2.33622</td></tr><tr><td>367</td><td>0.945963</td><td>0.05023</td><td>0.00380663</td><td>2.10135</td></tr><tr><td>368</td><td>0.497698</td><td>0.478204</td><td>0.0240977</td><td>0.988111</td></tr><tr><td>369</td><td>0.867627</td><td>0.117919</td><td>0.0144531</td><td>2.33622</td></tr><tr><td>370</td><td>0.684793</td><td>0.290354</td><td>0.0248528</td><td>0.186214</td></tr><tr><td>371</td><td>0.173772</td><td>0.814999</td><td>0.0112295</td><td>0.988111</td></tr><tr><td>372</td><td>0.23026</td><td>0.116841</td><td>0.652899</td><td>0.888772</td></tr><tr><td>373</td><td>0.913995</td><td>0.0696926</td><td>0.0163122</td><td>0.237176</td></tr><tr><td>374</td><td>0.807</td><td>0.182791</td><td>0.010209</td><td>0.237176</td></tr><tr><td>375</td><td>0.802024</td><td>0.197865</td><td>0.000111638</td><td>0.237176</td></tr><tr><td>376</td><td>0.513953</td><td>0.32889</td><td>0.157157</td><td>3.55554</td></tr><tr><td>377</td><td>0.609781</td><td>0.388698</td><td>0.00152085</td><td>0.988111</td></tr><tr><td>378</td><td>0.776858</td><td>0.20757</td><td>0.0155718</td><td>3.55554</td></tr><tr><td>379</td><td>0.948441</td><td>0.0406623</td><td>0.0108966</td><td>0.263579</td></tr><tr><td>380</td><td>0.866325</td><td>0.11992</td><td>0.0137546</td><td>0.697998</td></tr><tr><td>381</td><td>0.647633</td><td>0.30702</td><td>0.045347</td><td>0.888772</td></tr><tr><td>382</td><td>0.729338</td><td>0.0902306</td><td>0.180431</td><td>0.988111</td></tr><tr><td>383</td><td>0.351367</td><td>0.56414</td><td>0.084493</td><td>0.386773</td></tr><tr><td>384</td><td>0.905696</td><td>0.0777616</td><td>0.0165421</td><td>0.237176</td></tr><tr><td>385</td><td>0.813008</td><td>0.167307</td><td>0.0196848</td><td>0.560537</td></tr><tr><td>386</td><td>0.853868</td><td>0.1255</td><td>0.0206313</td><td>0.273214</td></tr><tr><td>387</td><td>0.599357</td><td>0.0556324</td><td>0.345011</td><td>0.623191</td></tr><tr><td>388</td><td>0.939213</td><td>0.0452876</td><td>0.0154999</td><td>5.46425</td></tr><tr><td>389</td><td>0.0119894</td><td>0.987808</td><td>0.000203019</td><td>0.8225